 0.065843055   103.51296           0           0
 0.072030485   109.46327           0           0
 0.078217915   110.27844           0           0
 0.084405345   108.58154           0           0
 0.090592775   104.45575           0           0
 0.096780205   101.49564           0           0
  0.10296763   99.354102           0           0
  0.10915466   97.328049           0           0
  0.11534209   95.423304           0           0
  0.12152952   94.236306           0           0
  0.12771695   95.329332           0           0
  0.13390438    99.04398           0           0
  0.14009181   103.44794           0           0
  0.14627924   106.51627           0           0
  0.15246626   107.20001           0           0
  0.15865369   105.60795           0           0
  0.16484112   102.48193           0           0
  0.17102855   99.151607           0           0
  0.17721598   96.758688           0           0
  0.18340341   95.415517           0           0
  0.18959043   94.718414           0           0
  0.19577786   94.342584           0           0
  0.20196529   94.065023           0           0
  0.20815272   93.709328           0           0
  0.21434015    93.16285           0           0
  0.22052758   92.371772           0           0
   0.2267146   91.326624           0           0
  0.23290203   90.065853           0           0
  0.23908946   88.633385           0           0
  0.24527689   87.096237           0           0
  0.25146432   85.527883           0           0
  0.25765175   83.978935           0           0
  0.26383918   82.473131           0           0
   0.2700262   81.002604           0           0
  0.27621363   79.560267           0           0
  0.28240106   78.151931           0           0
  0.28858849   76.783726           0           0
  0.29477592    75.45233           0           0
  0.30096335   74.146442           0           0
  0.30715038   72.859049           0           0
  0.31333781    71.59785           0           0
  0.31952524   70.373124           0           0
  0.32571267   69.195462           0           0
   0.3319001    68.06624           0           0
  0.33808753   66.958175           0           0
  0.34427496   65.843903           0           0
  0.35046198   64.701026           0           0
  0.35664941   63.509038           0           0
  0.36283684   62.267537           0           0
  0.36902427   60.988667           0           0
   0.3752117   59.685169           0           0
  0.38139913   58.372195           0           0
  0.38758615   57.067615           0           0
  0.39377358   55.785142           0           0
  0.39996101   54.536067           0           0
  0.40614844   53.329665           0           0
  0.41233505   52.174309           0           0
  0.41852452   51.077557           0           0
  0.42470991   50.038142           0           0
  0.43089938   49.048124           0           0
  0.43708477   48.098519           0           0
  0.44327424   47.179121           0           0
  0.44945963   46.279274           0           0
   0.4556491   45.390223           0           0
  0.46183449   44.507379           0           0
  0.46802396   43.627143           0           0
  0.47420935   42.748963           0           0
  0.48039882    41.87408           0           0
  0.48658421   41.003658           0           0
  0.49276961   40.138647           0           0
  0.49895907   39.279702           0           0
  0.50514447   38.428393           0           0
  0.51133393   37.586582           0           0
  0.51751933   36.756044           0           0
  0.52370879   35.938141           0           0
  0.52989419    35.13405           0           0
  0.53608365   34.344635           0           0
  0.54226904   33.570374           0           0
  0.54845851   32.812335           0           0
   0.5546439   32.070799           0           0
  0.56083337   31.346436           0           0
  0.56701876    30.63943           0           0
  0.57320823   29.949752           0           0
  0.57939362   29.277187           0           0
  0.58558309   28.621509           0           0
  0.59176848   27.982605           0           0
  0.59795795   27.360054           0           0
  0.60414334   26.753543           0           0
  0.61033281   26.162753           0           0
   0.6165182   25.587373           0           0
  0.62270767   25.026887           0           0
  0.62889306   24.480684           0           0
  0.63508253   23.947549           0           0
  0.64126792   23.426572           0           0
  0.64745739   22.916741           0           0
  0.65364278   22.417647           0           0
  0.65983225   21.928481           0           0
  0.66601764   21.448835           0           0
  0.67220711   20.978101           0           0
   0.6783925   20.516273           0           0
  0.68458197   20.063245           0           0
  0.69076736   19.619213           0           0
  0.69695275   19.184271           0           0
  0.70314222   18.758414           0           0
  0.70932761   18.341839           0           0
  0.71551708    17.93454           0           0
  0.72170247   17.536515           0           0
  0.72789194   17.147958           0           0
  0.73407733   16.768367           0           0
   0.7402668   16.397437           0           0
  0.74645219   16.034965           0           0
  0.75264166   15.680447           0           0
  0.75882705    15.33368           0           0
  0.76501652   14.994261           0           0
  0.77120191   14.661988           0           0
  0.77739138   14.336457           0           0
  0.78357677   14.017567           0           0
  0.78976624   13.704815           0           0
  0.79595163   13.398299           0           0
   0.8021411   13.097817           0           0
  0.80832649   12.803268           0           0
  0.81451596    12.51465           0           0
  0.82070135   12.232062           0           0
  0.82689082   11.955301           0           0
  0.83307621   11.684567           0           0
  0.83926568   11.419659           0           0
  0.84545107   11.160575           0           0
  0.85164054   10.907414           0           0
  0.85782593   10.659976           0           0
   0.8640154   10.418358           0           0
  0.87020079    10.18246           0           0
  0.87639026   9.9523413           0           0
  0.88257565   9.7279009           0           0
  0.88876104   9.5091477           0           0
  0.89495051    9.296041           0           0
   0.9011359   9.0884901           0           0
  0.90732537   8.8863839           0           0
  0.91351076   8.6896321           0           0
  0.91970023   8.4981136           0           0
  0.92588562    8.311718           0           0
  0.93207509   8.1302444           0           0
  0.93826048   7.9535123           0           0
  0.94444995    7.781311           0           0
  0.95063534   7.6134498           0           0
  0.95682481   7.4497183           0           0
   0.9630102   7.2899259           0           0
  0.96919967   7.1338921           0           0
  0.97538506   6.9814365           0           0
  0.98157453   6.8323985           0           0
  0.98775992   6.6865879           0           0
  0.99394939   6.5438541           0           0
   1.0001348   6.4040569           0           0
   1.0063242   6.2671559           0           0
   1.0125096   6.1331309           0           0
   1.0186991   6.0019516           0           0
   1.0248845   5.8736179           0           0
    1.031074   5.7480894           0           0
   1.0372594    5.625366           0           0
   1.0434488   5.5054174           0           0
   1.0496342   5.3882235           0           0
   1.0558237    5.273774           0           0
   1.0620091   5.1620587           0           0
   1.0681985   5.0530576           0           0
   1.0743839   4.9467604           0           0
   1.0805734    4.843157           0           0
   1.0867588   4.7422272           0           0
   1.0929442   4.6439409           0           0
   1.0991337   4.5482678           0           0
   1.1053191    4.455188           0           0
   1.1115085   4.3646512           0           0
   1.1176939   4.2765973           0           0
   1.1238834   4.1909561           0           0
   1.1300688   4.1076576           0           0
   1.1362582   4.0266416           0           0
   1.1424436   3.9478581           0           0
   1.1486331   3.8712267           0           0
   1.1548185   3.7967176           0           0
    1.161008   3.7242605           0           0
   1.1671934   3.6538055           0           0
   1.1733828   3.5852923           0           0
   1.1795682   3.5186509           0           0
   1.1857577   3.4537812           0           0
   1.1919431   3.3906231           0           0
   1.1981325   3.3290766           0           0
   1.2043179   3.2690615           0           0
   1.2105074   3.2104978           0           0
   1.2166928   3.1532954           0           0
   1.2228823   3.0973842           0           0
   1.2290677   3.0426643           0           0
   1.2352571   2.9890654           0           0
   1.2414425   2.9365275           0           0
    1.247632   2.8849907           0           0
   1.2538174   2.8344048           0           0
   1.2600068   2.7847098           0           0
   1.2661922   2.7358656           0           0
   1.2723817   2.6878423           0           0
   1.2785671   2.6406198           0           0
   1.2847525   2.5941981           0           0
   1.2909419   2.5485771           0           0
   1.2971273   2.5037669           0           0
   1.3033168   2.4597373           0           0
   1.3095022   2.4165184           0           0
   1.3156917   2.3740802           0           0
   1.3218771   2.3324426           0           0
   1.3280665   2.2915856           0           0
   1.3342519   2.2515092           0           0
   1.3404414   2.2122234           0           0
   1.3466268   2.1737181           0           0
   1.3528162   2.1359833           0           0
   1.3590016   2.0990291           0           0
   1.3651911   2.0628554           0           0
   1.3713765   2.0274422           0           0
    1.377566   1.9927994           0           0
   1.3837514   1.9588971           0           0
   1.3899408   1.9257152           0           0
   1.3961262   1.8932337           0           0
   1.4023157   1.8614226           0           0
   1.4085011   1.8302719           0           0
   1.4146905   1.7997516           0           0
   1.4208759   1.7698416           0           0
   1.4270654    1.740512           0           0
   1.4332508   1.7117527           0           0
   1.4394403   1.6835336           0           0
   1.4456257   1.6558249           0           0
   1.4518151   1.6286365           0           0
   1.4580005   1.6019183           0           0
     1.46419   1.5756704           0           0
   1.4703754   1.5498727           0           0
   1.4765648   1.5245053           0           0
   1.4827502   1.4995481           0           0
   1.4889356   1.4749912           0           0
   1.4951251   1.4508244           0           0
   1.5013105   1.4270479           0           0
      1.5075   1.4036516           0           0
   1.5136854   1.3806354           0           0
   1.5198748   1.3579894           0           0
   1.5260602   1.3357237           0           0
   1.5322497   1.3138281           0           0
   1.5384351   1.2922927           0           0
   1.5446245   1.2711374           0           0
   1.5508099   1.2503423           0           0
   1.5569994   1.2299074           0           0
   1.5631848   1.2098426           0           0
   1.5693743    1.190148           0           0
   1.5755596   1.1708135           0           0
   1.5817491   1.1518391           0           0
   1.5879345   1.1332349           0           0
    1.594124   1.1149909           0           0
   1.6003094   1.0970969           0           0
   1.6064988   1.0795731           0           0
   1.6126842   1.0624094           0           0
   1.6188737   1.0456058           0           0
   1.6250591   1.0291424           0           0
   1.6312486    1.013039           0           0
   1.6374339  0.99726577           0           0
   1.6436234  0.98182263           0           0
   1.6498088  0.96671659           0           0
   1.6559983  0.95193165           0           0
   1.6621837   0.9374638           0           0
   1.6683731  0.92330904           0           0
   1.6745585  0.90946137           0           0
   1.6807439  0.89591579           0           0
   1.6869334  0.88266629           0           0
   1.6931188  0.86970787           0           0
   1.6993082  0.85703552           0           0
   1.7054936  0.84464425           0           0
   1.7116831  0.83252705           0           0
   1.7178685  0.82067892           0           0
    1.724058  0.80909385           0           0
   1.7302434  0.79776485           0           0
   1.7364328  0.78668592           0           0
   1.7426182  0.77585204           0           0
   1.7488077  0.76525522           0           0
   1.7549931  0.75489146           0           0
   1.7611825  0.74475375           0           0
   1.7673679  0.73483509           0           0
   1.7735574  0.72513248           0           0
   1.7797428  0.71563792           0           0
   1.7859323  0.70634541           0           0
   1.7921177  0.69724994           0           0
   1.7983071  0.68834552           0           0
   1.8044925  0.67962614           0           0
    1.810682  0.67108579           0           0
   1.8168674  0.66271749           0           0
   1.8230568  0.65451822           0           0
   1.8292422  0.64647899           0           0
   1.8354317   0.6385948           0           0
   1.8416171  0.63086064           0           0
   1.8478066   0.6232705           0           0
    1.853992  0.61581741           0           0
   1.8601814  0.60849733           0           0
   1.8663668  0.60130229           0           0
   1.8725563  0.59422628           0           0
   1.8787417  0.58726629           0           0
   1.8849271  0.58041433           0           0
   1.8911165  0.57366639           0           0
   1.8973019  0.56701948           0           0
   1.9034914  0.56046958           0           0
   1.9096768  0.55401571           0           0
   1.9158663  0.54765387           0           0
   1.9220516  0.54138304           0           0
   1.9282411  0.53520223           0           0
   1.9344265  0.52910744           0           0
    1.940616  0.52309867           0           0
   1.9468014  0.51717092           0           0
   1.9529908  0.51132519           0           0
   1.9591762  0.50555748           0           0
   1.9653657  0.49986578           0           0
   1.9715511   0.4942491           0           0
   1.9777406  0.48870443           0           0
   1.9839259  0.48322978           0           0
   1.9901154  0.47782315           0           0
   1.9963008  0.47248253           0           0
   2.0024903  0.46720592           0           0
   2.0086757  0.46199233           0           0
   2.0148651  0.45683975           0           0
   2.0210505  0.45174718           0           0
     2.02724  0.44671563           0           0
   2.0334254  0.44174309           0           0
   2.0396149  0.43683156           0           0
   2.0458002  0.43197804           0           0
   2.0519897  0.42718354           0           0
   2.0581751  0.42244704           0           0
   2.0643646  0.41776556           0           0
     2.07055  0.41314009           0           0
   2.0767394  0.40856763           0           0
   2.0829248  0.40404718           0           0
   2.0891102  0.39957873           0           0
   2.0952997   0.3951603           0           0
   2.1014851  0.39079188           0           0
   2.1076745  0.38646947           0           0
   2.1138599  0.38219506           0           0
   2.1200494  0.37796567           0           0
   2.1262348  0.37378128           0           0
   2.1324243   0.3696399           0           0
   2.1386097  0.36554153           0           0
   2.1447991  0.36148516           0           0
   2.1509845  0.35746981           0           0
    2.157174  0.35349446           0           0
   2.1633594  0.34955912           0           0
   2.1695488  0.34566278           0           0
   2.1757342  0.34180446           0           0
   2.1819237  0.33798514           0           0
   2.1881091  0.33420182           0           0
   2.1942986  0.33045551           0           0
    2.200484  0.32674421           0           0
   2.2066734  0.32306792           0           0
   2.2128588  0.31942763           0           0
   2.2190483  0.31581935           0           0
   2.2252337  0.31224607           0           0
   2.2314231   0.3087068           0           0
   2.2376085  0.30520053           0           0
    2.243798  0.30172927           0           0
   2.2499834  0.29829201           0           0
   2.2561729  0.29488876           0           0
   2.2623583  0.29151952           0           0
   2.2685477  0.28818628           0           0
   2.2747331  0.28488604           0           0
   2.2809185  0.28162181           0           0
    2.287108  0.27839159           0           0
   2.2932934  0.27519636           0           0
   2.2994828  0.27203615           0           0
   2.3056682  0.26891094           0           0
   2.3118577  0.26582173           0           0
   2.3180431  0.26276653           0           0
   2.3242326  0.25974833           0           0
   2.3304179  0.25676413           0           0
   2.3366074  0.25381594           0           0
   2.3427928  0.25090376           0           0
   2.3489823  0.24802757           0           0
   2.3551677  0.24518639           0           0
   2.3613571  0.24238122           0           0
   2.3675425  0.23961305           0           0
    2.373732  0.23687988           0           0
   2.3799174  0.23418372           0           0
   2.3861069  0.23152256           0           0
   2.3922922   0.2288964           0           0
   2.3984817  0.22630725           0           0
   2.4046671   0.2237531           0           0
   2.4108566  0.22123495           0           0
    2.417042  0.21875181           0           0
   2.4232314  0.21630267           0           0
   2.4294168  0.21388753           0           0
   2.4356063   0.2115054           0           0
   2.4417917  0.20915627           0           0
   2.4479812  0.20684014           0           0
   2.4541665  0.20455701           0           0
    2.460356  0.20230489           0           0
   2.4665414  0.20008377           0           0
   2.4727309  0.19789365           0           0
   2.4789163  0.19573454           0           0
   2.4851017  0.19360442           0           0
   2.4912911  0.19150431           0           0
   2.4974765  0.18943321           0           0
    2.503666   0.1873901           0           0
   2.5098514    0.185376           0           0
   2.5160408   0.1833889           0           0
   2.5222262   0.1814288           0           0
   2.5284157   0.1794957           0           0
   2.5346011  0.17758861           0           0
   2.5407906  0.17570651           0           0
    2.546976  0.17385042           0           0
   2.5531654  0.17201933           0           0
   2.5593508  0.17021325           0           0
   2.5655403  0.16843016           0           0
   2.5717257  0.16667008           0           0
   2.5779151    0.164933           0           0
   2.5841005  0.16321892           0           0
     2.59029  0.16152784           0           0
   2.5964754  0.15985676           0           0
   2.6026649  0.15820769           0           0
   2.6088503  0.15657861           0           0
   2.6150397  0.15497054           0           0
   2.6212251  0.15338247           0           0
   2.6274146   0.1518154           0           0
      2.6336  0.15026633           0           0
   2.6397894  0.14873726           0           0
   2.6459748   0.1472282           0           0
   2.6521643  0.14573713           0           0
   2.6583497  0.14426507           0           0
   2.6645392  0.14281201           0           0
   2.6707246  0.14137695           0           0
   2.6769099  0.13996089           0           0
   2.6830994  0.13856283           0           0
   2.6892848  0.13718178           0           0
   2.6954743  0.13581872           0           0
   2.7016597  0.13447267           0           0
   2.7078491  0.13314461           0           0
   2.7140345  0.13183356           0           0
    2.720224  0.13053851           0           0
   2.7264094  0.12926046           0           0
   2.7325989  0.12799941           0           0
   2.7387842  0.12675436           0           0
   2.7449737  0.12552531           0           0
   2.7511591  0.12431127           0           0
   2.7573486  0.12311422           0           0
    2.763534  0.12193217           0           0
   2.7697234  0.12076513           0           0
   2.7759088  0.11961309           0           0
   2.7820983  0.11847605           0           0
   2.7882837    0.117353           0           0
   2.7944732  0.11624496           0           0
   2.8006585  0.11515192           0           0
    2.806848  0.11407288           0           0
   2.8130334  0.11300685           0           0
   2.8192229  0.11195581           0           0
   2.8254083  0.11091777           0           0
   2.8315977  0.10989374           0           0
   2.8377831   0.1088827           0           0
   2.8439726  0.10788567           0           0
    2.850158  0.10690063           0           0
   2.8563474   0.1059296           0           0
   2.8625328  0.10497157           0           0
   2.8687223  0.10402553           0           0
   2.8749077   0.1030925           0           0
   2.8810931  0.10217147           0           0
   2.8872826  0.10126244           0           0
    2.893468  0.10036541           0           0
   2.8996574 0.099481382           0           0
   2.9058428 0.098607353           0           0
   2.9120323 0.097746325           0           0
   2.9182177 0.096896298           0           0
   2.9244071 0.096058271           0           0
   2.9305925 0.095230244           0           0
    2.936782 0.094414218           0           0
   2.9429674 0.093608193           0           0
   2.9491569 0.092813168           0           0
   2.9553423 0.092029143           0           0
   2.9615317 0.091256119           0           0
   2.9677171 0.090492095           0           0
   2.9739066 0.089739072           0           0
    2.980092 0.088995049           0           0
   2.9862814 0.088262027           0           0
   2.9924668 0.087538005           0           0
   2.9986563 0.086823983           0           0
   3.0048417 0.086118962           0           0
   3.0110312 0.085423942           0           0
   3.0172166 0.084737921           0           0
    3.023406 0.084060901           0           0
   3.0295914 0.083391881           0           0
   3.0357809 0.082732862           0           0
   3.0419663 0.082081843           0           0
   3.0481557 0.081439825           0           0
   3.0543411 0.080805806           0           0
   3.0605306 0.080179788           0           0
    3.066716 0.079561771           0           0
   3.0729014 0.078951753           0           0
   3.0790909 0.078349736           0           0
   3.0852762  0.07775472           0           0
   3.0914657 0.077168703           0           0
   3.0976511 0.076588687           0           0
   3.1038406 0.076016671           0           0
    3.110026 0.075451656           0           0
   3.1162154 0.074893641           0           0
   3.1224008 0.074341826           0           0
   3.1285903 0.073797611           0           0
   3.1347757 0.073259396           0           0
   3.1409651 0.072727782           0           0
   3.1471505 0.072202768           0           0
     3.15334 0.071683354           0           0
   3.1595254 0.071170341           0           0
   3.1657149 0.070663527           0           0
   3.1719003 0.070162114           0           0
   3.1780897 0.069666501           0           0
   3.1842751 0.069176488           0           0
   3.1904646 0.068691676           0           0
     3.19665 0.068212064           0           0
   3.2028394 0.067738052           0           0
   3.2090248  0.06726844           0           0
   3.2152143 0.066803828           0           0
   3.2213997 0.066344216           0           0
   3.2275892 0.065889005           0           0
   3.2337746 0.065438394           0           0
    3.239964 0.064992183           0           0
   3.2461494 0.064549972           0           0
   3.2523389 0.064111961           0           0
   3.2585243 0.063678351           0           0
   3.2647137 0.063248141           0           0
   3.2708991  0.06282193           0           0
   3.2770845  0.06239952           0           0
    3.283274  0.06198091           0           0
   3.2894594 0.061565701           0           0
   3.2956489 0.061154091           0           0
   3.3018343 0.060746082           0           0
   3.3080237 0.060341472           0           0
   3.3142091 0.059940263           0           0
   3.3203986 0.059542654           0           0
    3.326584 0.059148245           0           0
   3.3327734 0.058757236           0           0
   3.3389588 0.058369627           0           0
   3.3451483 0.057985019           0           0
   3.3513337  0.05760341           0           0
   3.3575232 0.057225602           0           0
   3.3637086 0.056850194           0           0
    3.369898 0.056478186           0           0
   3.3760834 0.056109378           0           0
   3.3822729  0.05574317           0           0
   3.3884583 0.055379762           0           0
   3.3946477 0.055019555           0           0
   3.4008331 0.054662147           0           0
   3.4070226  0.05430774           0           0
    3.413208 0.053955332           0           0
   3.4193975 0.053606125           0           0
   3.4255829 0.053259718           0           0
   3.4317723 0.052915711           0           0
   3.4379577 0.052573904           0           0
   3.4441472 0.052235297           0           0
   3.4503326  0.05189869           0           0
    3.456522 0.051564684           0           0
   3.4627074 0.051233077           0           0
   3.4688928 0.050903871           0           0
   3.4750823 0.050576864           0           0
   3.4812677 0.050252258           0           0
   3.4874571 0.049929652           0           0
   3.4936425 0.049609046           0           0
    3.499832 0.049291239           0           0
   3.5060174 0.048975033           0           0
   3.5122069 0.048661028           0           0
   3.5183923 0.048349022           0           0
   3.5245817 0.048038616           0           0
   3.5307671  0.04773041           0           0
   3.5369566 0.047424205           0           0
    3.543142 0.047119599           0           0
   3.5493314 0.046816994           0           0
   3.5555168 0.046515788           0           0
   3.5617063 0.046216583           0           0
   3.5678917 0.045918778           0           0
   3.5740812 0.045623372           0           0
   3.5802666 0.045328767           0           0
    3.586456 0.045036362           0           0
   3.5926414 0.044745157           0           0
   3.5988309 0.044455552           0           0
   3.6050163 0.044167747           0           0
   3.6112057 0.043881342           0           0
   3.6173911 0.043596538           0           0
   3.6235806 0.043313333           0           0
    3.629766 0.043031728           0           0
   3.6359555 0.042751724           0           0
   3.6421409 0.042472719           0           0
   3.6483303 0.042195715           0           0
   3.6545157  0.04192011           0           0
   3.6607052 0.041645706           0           0
   3.6668906 0.041372901           0           0
    3.673076 0.041101497           0           0
   3.6792654 0.040831493           0           0
   3.6854508 0.040563289           0           0
   3.6916403 0.040295885           0           0
   3.6978257  0.04003048           0           0
   3.7040152 0.039766476           0           0
   3.7102006 0.039503672           0           0
     3.71639 0.039242268           0           0
   3.7225754 0.038982665           0           0
   3.7287649 0.038724061           0           0
   3.7349503 0.038466857           0           0
   3.7411397 0.038211253           0           0
   3.7473251 0.037957049           0           0
   3.7535146 0.037704246           0           0
      3.7597 0.037453242           0           0
   3.7658895 0.037203239           0           0
   3.7720748 0.036954635           0           0
   3.7782643 0.036707232           0           0
   3.7844497 0.036462028           0           0
   3.7906392 0.036217625           0           0
   3.7968246 0.035974421           0           0
    3.803014 0.035733218           0           0
   3.8091994 0.035493015           0           0
   3.8153889 0.035254212           0           0
   3.8215743 0.035017008           0           0
   3.8277638 0.034781205           0           0
   3.8339491 0.034546602           0           0
   3.8401386 0.034313599           0           0
    3.846324 0.034081796           0           0
   3.8525135 0.033851393           0           0
   3.8586989  0.03362259           0           0
   3.8648843 0.033394787           0           0
   3.8710737 0.033168784           0           0
   3.8772591 0.032943781           0           0
   3.8834486 0.032720578           0           0
    3.889634 0.032498176           0           0
   3.8958234 0.032277773           0           0
   3.9020088  0.03205837           0           0
   3.9081983 0.031839967           0           0
   3.9143837 0.031623165           0           0
   3.9205732 0.031407762           0           0
   3.9267586 0.031193359           0           0
    3.932948 0.030980357           0           0
   3.9391334 0.030768754           0           0
   3.9453229 0.030558352           0           0
   3.9515083 0.030348949           0           0
   3.9576977 0.030140947           0           0
   3.9638831 0.029934144           0           0
   3.9700726 0.029728342           0           0
    3.976258  0.02952394           0           0
   3.9824475 0.029320737           0           0
   3.9886329 0.029118935           0           0
   3.9948223 0.028917733           0           0
