 0.062361633   44.842524           0           0
  0.06855762   45.496863           0           0
 0.074753199   44.204116           0           0
 0.080949186   42.757567           0           0
 0.087145172    42.18521           0           0
 0.093341159   42.255827           0           0
 0.099536738   42.573002           0           0
  0.10573273   43.131697           0           0
  0.11192871    43.93122           0           0
   0.1181247   44.645437           0           0
  0.12432069   44.975239           0           0
  0.13051626   44.800352           0           0
  0.13671225   44.328895           0           0
  0.14290824   43.972348           0           0
  0.14910423    43.96334           0           0
  0.15530021   44.062482           0           0
  0.16149579   44.008914           0           0
  0.16769178   43.822682           0           0
  0.17388776   43.554197           0           0
  0.18008375   43.188017           0           0
  0.18627933   42.688738           0           0
  0.19247532   42.103087           0           0
   0.1986713   41.554824           0           0
  0.20486729   41.139234           0           0
  0.21106328   40.914735           0           0
  0.21725886   40.891025           0           0
  0.22345484   41.014771           0           0
  0.22965083   41.220684           0           0
  0.23584682    41.44444           0           0
   0.2420424   41.637059           0           0
  0.24823838   41.766274           0           0
  0.25443437    41.79867           0           0
  0.26063036    41.72171           0           0
  0.26682634   41.567985           0           0
  0.27302192   41.382065           0           0
  0.27921791     41.2057           0           0
   0.2854139   41.054033           0           0
  0.29160988   40.929788           0           0
  0.29780546   40.827739           0           0
  0.30400145   40.732546           0           0
  0.31019744   40.636706           0           0
  0.31639342   40.533874           0           0
  0.32258941   40.415526           0           0
  0.32878499    40.27399           0           0
  0.33498098   40.113962           0           0
  0.34117696   39.943799           0           0
  0.34737295   39.770405           0           0
  0.35356894    39.60068           0           0
  0.35976451   39.444297           0           0
   0.3659605   39.312683           0           0
  0.37215649   39.207471           0           0
  0.37835248   39.125547           0           0
  0.38454805   39.063869           0           0
  0.39074404   39.012629           0           0
  0.39694003   38.955291           0           0
  0.40313601   38.875332           0           0
    0.409332   38.758185           0           0
  0.41552962   38.595097           0           0
  0.42172316   38.384977           0           0
  0.42792078    38.13797           0           0
  0.43411432   37.865665           0           0
  0.44031194   37.579566           0           0
  0.44650548   37.291297           0           0
  0.45270309   37.012512           0           0
  0.45890071    36.74868           0           0
  0.46509425    36.49907           0           0
  0.47129187   36.262412           0           0
  0.47748541   36.036974           0           0
  0.48368303   35.820882           0           0
  0.48987657   35.612506           0           0
  0.49607419   35.410386           0           0
   0.5022718   35.213596           0           0
  0.50846534   35.021109           0           0
  0.51466296   34.831066           0           0
   0.5208565    34.64053           0           0
  0.52705412   34.446439           0           0
  0.53325174   34.246056           0           0
  0.53944528   34.036954           0           0
   0.5456429   33.817191           0           0
  0.55183644   33.584853           0           0
  0.55803405   33.338206           0           0
   0.5642276   33.075339           0           0
  0.57042521   32.795127           0           0
  0.57662283   32.497572           0           0
  0.58281637   32.182372           0           0
  0.58901399   31.849815           0           0
  0.59520753   31.501318           0           0
  0.60140515   31.137875           0           0
  0.60759869   30.760997           0           0
   0.6137963   30.371981           0           0
  0.61999392    29.97203           0           0
  0.62618746   29.562651           0           0
  0.63238508   29.145236           0           0
  0.63857862   28.721495           0           0
  0.64477624   28.293323           0           0
  0.65097386   27.862323           0           0
   0.6571674   27.430499           0           0
  0.66336501   26.999544           0           0
  0.66955856   26.571263           0           0
  0.67575617   26.147347           0           0
  0.68194971   25.729199           0           0
  0.68814733   25.317403           0           0
  0.69434495   24.912856           0           0
  0.70053849   24.515749           0           0
  0.70673611   24.126369           0           0
  0.71292965   23.744609           0           0
  0.71912726   23.370254           0           0
  0.72532081   23.003398           0           0
  0.73151842   22.643929           0           0
  0.73771604    22.29174           0           0
  0.74390958   21.946724           0           0
   0.7501072   21.608568           0           0
  0.75630074   21.276867           0           0
  0.76249836    20.95131           0           0
  0.76869597    20.63159           0           0
  0.77488952   20.317403           0           0
  0.78108713   20.008338           0           0
  0.78728067   19.704191           0           0
  0.79347829   19.404555           0           0
  0.79967183   19.109325           0           0
  0.80586945   18.817995           0           0
  0.81206707    18.53046           0           0
  0.81826061   18.246216           0           0
  0.82445822   17.965157           0           0
  0.83065177    17.68688           0           0
  0.83684938   17.411179           0           0
  0.84304293   17.137653           0           0
  0.84924054   16.865995           0           0
  0.85543816   16.596104           0           0
   0.8616317   16.327576           0           0
  0.86782932   16.060208           0           0
  0.87402286   15.793998           0           0
  0.88022048   15.528742           0           0
  0.88641402    15.26474           0           0
  0.89261163    15.00209           0           0
  0.89880925   14.741091           0           0
  0.90500279   14.481742           0           0
  0.91120041   14.224439           0           0
  0.91739395   13.969384           0           0
  0.92359157   13.716574           0           0
  0.92978918   13.466408           0           0
  0.93598273   13.218985           0           0
  0.94218034   12.974603           0           0
  0.94837389   12.733363           0           0
   0.9545715   12.495361           0           0
  0.96076504   12.260797           0           0
  0.96696266    12.02967           0           0
  0.97316028   11.802078           0           0
  0.97935382    11.57822           0           0
  0.98555144   11.357996           0           0
  0.99174498   11.141403           0           0
  0.99794259   10.928441           0           0
   1.0041361   10.719209           0           0
   1.0103338   10.513704           0           0
   1.0165314   10.311827           0           0
   1.0227249   10.113777           0           0
   1.0289225   9.9193616           0           0
   1.0351161   9.7286509           0           0
   1.0413137   9.5415434           0           0
   1.0475113   9.3579883           0           0
   1.0537048   9.1778948           0           0
   1.0599025   9.0012117           0           0
    1.066096   8.8278684           0           0
   1.0722936    8.657794           0           0
   1.0784872   8.4909178           0           0
   1.0846848   8.3271788           0           0
   1.0908824   8.1665165           0           0
   1.0970759   8.0088904           0           0
   1.1032736   7.8542595           0           0
   1.1094671   7.7025836           0           0
   1.1156647   7.5538218           0           0
   1.1218583   7.4079237           0           0
   1.1280559   7.2648487           0           0
   1.1342535   7.1245463           0           0
    1.140447   6.9869761           0           0
   1.1466446   6.8521075           0           0
   1.1528382   6.7198701           0           0
   1.1590358   6.5902334           0           0
   1.1652334   6.4631571           0           0
    1.171427   6.3385807           0           0
   1.1776246   6.2164738           0           0
   1.1838181   6.0967962           0           0
   1.1900157   5.9794973           0           0
   1.1962093   5.8645369           0           0
   1.2024069   5.7518847           0           0
   1.2086045   5.6414902           0           0
   1.2147981   5.5333234           0           0
   1.2209957   5.4273338           0           0
   1.2271892   5.3235011           0           0
   1.2333868   5.2217852           0           0
   1.2395804   5.1221457           0           0
    1.245778   5.0245424           0           0
   1.2519756   4.9289551           0           0
   1.2581691   4.8353336           0           0
   1.2643668   4.7436575           0           0
   1.2705603   4.6538768           0           0
   1.2767579   4.5659612           0           0
   1.2829555   4.4799005           0           0
   1.2891491   4.3956346           0           0
   1.2953467   4.3131532           0           0
   1.3015402   4.2324262           0           0
   1.3077379   4.1534034           0           0
   1.3139314   4.0760648           0           0
    1.320129     4.00038           0           0
   1.3263266   3.9262789           0           0
   1.3325202   3.8537415           0           0
   1.3387178   3.7827076           0           0
   1.3449113   3.7131269           0           0
   1.3511089   3.6449694           0           0
   1.3573025    3.578185           0           0
   1.3635001   3.5127435           0           0
   1.3696977   3.4486048           0           0
   1.3758913   3.3857588           0           0
   1.3820889   3.3241455           0           0
   1.3882824   3.2637446           0           0
     1.39448   3.2045262           0           0
   1.4006736     3.14645           0           0
   1.4068712   3.0894861           0           0
   1.4130688   3.0336044           0           0
   1.4192624   2.9787647           0           0
     1.42546   2.9249469           0           0
   1.4316535   2.8721111           0           0
   1.4378511   2.8202471           0           0
   1.4440488   2.7693549           0           0
   1.4502423   2.7194145           0           0
   1.4564399   2.6704156           0           0
   1.4626335   2.6223384           0           0
   1.4688311   2.5751728           0           0
   1.4750246   2.5289186           0           0
   1.4812222   2.4835559           0           0
   1.4874198   2.4390647           0           0
   1.4936134   2.3954447           0           0
    1.499811   2.3526661           0           0
   1.5060045   2.3107388           0           0
   1.5122022   2.2696427           0           0
   1.5183957   2.2293577           0           0
   1.5245933    2.189884           0           0
   1.5307909   2.1512013           0           0
   1.5369845   2.1132897           0           0
   1.5431821   2.0761592           0           0
   1.5493756   2.0397896           0           0
   1.5555733   2.0041611           0           0
   1.5617709   1.9692734           0           0
   1.5679644   1.9350967           0           0
    1.574162   1.9016408           0           0
   1.5803556   1.8688658           0           0
   1.5865532   1.8367816           0           0
   1.5927467   1.8053682           0           0
   1.5989443   1.7746156           0           0
    1.605142   1.7445037           0           0
   1.6113355   1.7150225           0           0
   1.6175331    1.686152           0           0
   1.6237267   1.6578922           0           0
   1.6299243    1.630233           0           0
   1.6361178   1.6031444           0           0
   1.6423154   1.5766264           0           0
   1.6485131    1.550659           0           0
   1.6547066   1.5252321           0           0
   1.6609042   1.5003258           0           0
   1.6670978     1.47594           0           0
   1.6732954   1.4520647           0           0
    1.679493   1.4286698           0           0
   1.6856865   1.4057555           0           0
   1.6918841   1.3833015           0           0
   1.6980777   1.3613081           0           0
   1.7042753    1.339765           0           0
   1.7104688   1.3186623           0           0
   1.7166665     1.29798           0           0
   1.7228641   1.2777181           0           0
   1.7290576   1.2578666           0           0
   1.7352552   1.2384054           0           0
   1.7414488   1.2193446           0           0
   1.7476464   1.2006541           0           0
   1.7538399   1.1823339           0           0
   1.7600376    1.164374           0           0
   1.7662352   1.1467544           0           0
   1.7724287    1.129485           0           0
   1.7786263    1.112536           0           0
   1.7848199   1.0959172           0           0
   1.7910175   1.0795987           0           0
   1.7972151   1.0635804           0           0
   1.8034086   1.0478624           0           0
   1.8096063   1.0324246           0           0
   1.8157998    1.017267           0           0
   1.8219974   1.0023696           0           0
    1.828191  0.98773844           0           0
   1.8343886  0.97336247           0           0
   1.8405862   0.9592357           0           0
   1.8467797  0.94535511           0           0
   1.8529774  0.93171471           0           0
   1.8591709  0.91831048           0           0
   1.8653685  0.90513643           0           0
   1.8715621  0.89218954           0           0
   1.8777597  0.87946281           0           0
   1.8839573  0.86695524           0           0
   1.8901508  0.85466083           0           0
   1.8963484  0.84257955           0           0
    1.902542  0.83070843           0           0
   1.9087396  0.81904544           0           0
   1.9149332  0.80758759           0           0
   1.9211308  0.79633388           0           0
   1.9273284  0.78528029           0           0
   1.9335219  0.77442583           0           0
   1.9397195  0.76376649           0           0
   1.9459131  0.75330227           0           0
   1.9521107  0.74302916           0           0
   1.9583083  0.73294517           0           0
   1.9645019  0.72304829           0           0
   1.9706995  0.71333651           0           0
    1.976893  0.70380584           0           0
   1.9830906  0.69445626           0           0
   1.9892842  0.68528279           0           0
   1.9954818  0.67628341           0           0
   2.0016794  0.66745312           0           0
    2.007873  0.65879092           0           0
   2.0140706  0.65029181           0           0
   2.0202641  0.64195378           0           0
   2.0264617  0.63377184           0           0
   2.0326553  0.62574397           0           0
   2.0388529  0.61786518           0           0
   2.0450505  0.61013546           0           0
    2.051244  0.60254882           0           0
   2.0574417  0.59510224           0           0
   2.0636352  0.58779474           0           0
   2.0698328   0.5806223           0           0
   2.0760304  0.57358192           0           0
    2.082224  0.56667061           0           0
   2.0884216  0.55988535           0           0
   2.0946151  0.55322515           0           0
   2.1008128  0.54668501           0           0
   2.1070063  0.54026193           0           0
   2.1132039   0.5339539           0           0
   2.1194015  0.52775692           0           0
   2.1255951  0.52166799           0           0
   2.1317927   0.5156841           0           0
   2.1379862  0.50980327           0           0
   2.1441838  0.50402048           0           0
   2.1503774  0.49833373           0           0
    2.156575  0.49274003           0           0
   2.1627726  0.48723736           0           0
   2.1689662  0.48182374           0           0
   2.1751638  0.47649715           0           0
   2.1813573  0.47125461           0           0
   2.1875549  0.46609509           0           0
   2.1937526  0.46101462           0           0
   2.1999461  0.45601318           0           0
   2.2061437  0.45108677           0           0
   2.2123373   0.4462354           0           0
   2.2185349  0.44145405           0           0
   2.2247284  0.43674274           0           0
    2.230926  0.43209845           0           0
   2.2371236   0.4275192           0           0
   2.2433172  0.42300197           0           0
   2.2495148  0.41854677           0           0
   2.2557083   0.4141486           0           0
    2.261906  0.40980745           0           0
   2.2680995  0.40552032           0           0
   2.2742971  0.40128522           0           0
   2.2804947  0.39709914           0           0
   2.2866883  0.39296109           0           0
   2.2928859  0.38886805           0           0
   2.2990794  0.38481904           0           0
   2.3052771  0.38081104           0           0
   2.3114747  0.37684207           0           0
   2.3176682  0.37291011           0           0
   2.3238658  0.36901518           0           0
   2.3300594  0.36515426           0           0
    2.336257  0.36132636           0           0
   2.3424505  0.35753047           0           0
   2.3486481   0.3537656           0           0
   2.3548458  0.35003375           0           0
   2.3610393  0.34633291           0           0
   2.3672369  0.34266409           0           0
   2.3734305  0.33902729           0           0
   2.3796281   0.3354225           0           0
   2.3858216  0.33185072           0           0
   2.3920192  0.32831096           0           0
   2.3982169  0.32480322           0           0
   2.4044104  0.32132849           0           0
    2.410608  0.31788677           0           0
   2.4168016  0.31447906           0           0
   2.4229992  0.31110337           0           0
   2.4291927   0.3077617           0           0
   2.4353903  0.30445303           0           0
   2.4415879  0.30117838           0           0
   2.4477815  0.29793774           0           0
   2.4539791  0.29473112           0           0
   2.4601727   0.2915575           0           0
   2.4663703   0.2884189           0           0
   2.4725679  0.28531531           0           0
   2.4787614  0.28224674           0           0
    2.484959  0.27921217           0           0
   2.4911526  0.27621161           0           0
   2.4973502  0.27324707           0           0
   2.5035437  0.27031754           0           0
   2.5097414  0.26742401           0           0
    2.515939   0.2645655           0           0
   2.5221325    0.261743           0           0
   2.5283301  0.25895651           0           0
   2.5345237  0.25620503           0           0
   2.5407213  0.25349056           0           0
   2.5469148   0.2508111           0           0
   2.5531125  0.24816765           0           0
   2.5593101  0.24555921           0           0
   2.5655036  0.24298677           0           0
   2.5717012  0.24044835           0           0
   2.5778948  0.23794493           0           0
   2.5840924  0.23547653           0           0
     2.59029  0.23304113           0           0
   2.5964835  0.23064074           0           0
   2.6026812  0.22827436           0           0
   2.6088747  0.22594198           0           0
   2.6150723  0.22364262           0           0
   2.6212659  0.22137626           0           0
   2.6274635  0.21914091           0           0
   2.6336611  0.21693857           0           0
   2.6398546  0.21476723           0           0
   2.6460523   0.2126269           0           0
   2.6522458  0.21051758           0           0
   2.6584434  0.20843726           0           0
    2.664637  0.20638695           0           0
   2.6708346  0.20436565           0           0
   2.6770322  0.20237235           0           0
   2.6832257  0.20040806           0           0
   2.6894233  0.19846978           0           0
   2.6956169   0.1965595           0           0
   2.7018145  0.19467623           0           0
   2.7080121  0.19281996           0           0
   2.7142057   0.1909877           0           0
   2.7204033  0.18918244           0           0
   2.7265968  0.18740019           0           0
   2.7327944  0.18564394           0           0
    2.738988   0.1839107           0           0
   2.7451856  0.18220046           0           0
   2.7513832  0.18051423           0           0
   2.7575768    0.178849           0           0
   2.7637744  0.17720678           0           0
   2.7699679  0.17558656           0           0
   2.7761655  0.17398734           0           0
   2.7823591  0.17241013           0           0
   2.7885567  0.17085292           0           0
   2.7947543  0.16931672           0           0
   2.8009478  0.16780052           0           0
   2.8071455  0.16630433           0           0
    2.813339  0.16482714           0           0
   2.8195366  0.16336895           0           0
   2.8257342  0.16193076           0           0
   2.8319278  0.16050958           0           0
   2.8381254  0.15910741           0           0
   2.8443189  0.15772323           0           0
   2.8505166  0.15635606           0           0
   2.8567101  0.15500689           0           0
   2.8629077  0.15367373           0           0
   2.8691053  0.15235757           0           0
   2.8752989  0.15105841           0           0
   2.8814965  0.14977425           0           0
     2.88769   0.1485061           0           0
   2.8938876  0.14725295           0           0
   2.9000812   0.1460148           0           0
   2.9062788  0.14479066           0           0
   2.9124764  0.14358152           0           0
     2.91867  0.14238738           0           0
   2.9248676  0.14120524           0           0
   2.9310611  0.14003911           0           0
   2.9372587  0.13888497           0           0
   2.9434564  0.13774484           0           0
   2.9496499  0.13661872           0           0
   2.9558475  0.13550459           0           0
   2.9620411  0.13440347           0           0
   2.9682387  0.13331535           0           0
   2.9744322  0.13224023           0           0
   2.9806298  0.13117711           0           0
   2.9868274    0.130127           0           0
    2.993021  0.12908788           0           0
   2.9992186  0.12806077           0           0
   3.0054122  0.12704466           0           0
   3.0116098  0.12604156           0           0
   3.0178033  0.12504945           0           0
   3.0240009  0.12406835           0           0
   3.0301985  0.12309925           0           0
   3.0363921  0.12214015           0           0
   3.0425897  0.12119305           0           0
   3.0487832  0.12025595           0           0
   3.0549809  0.11932986           0           0
   3.0611744  0.11841476           0           0
    3.067372  0.11750967           0           0
   3.0735696  0.11661458           0           0
   3.0797632  0.11572949           0           0
   3.0859608  0.11485541           0           0
   3.0921543  0.11399032           0           0
    3.098352  0.11313424           0           0
   3.1045496  0.11228915           0           0
   3.1107431  0.11145307           0           0
   3.1169407  0.11062599           0           0
   3.1231343  0.10980791           0           0
   3.1293319  0.10899984           0           0
   3.1355254  0.10819976           0           0
    3.141723  0.10740968           0           0
   3.1479207  0.10662661           0           0
   3.1541142  0.10585354           0           0
   3.1603118  0.10508847           0           0
   3.1665054   0.1043324           0           0
    3.172703  0.10358433           0           0
   3.1788965  0.10284426           0           0
   3.1850941  0.10211319           0           0
   3.1912918  0.10138813           0           0
   3.1974853  0.10067306           0           0
   3.2036829 0.099963999           0           0
   3.2098765 0.099263937           0           0
   3.2160741 0.098570875           0           0
   3.2222717 0.097884815           0           0
   3.2284652 0.097206755           0           0
   3.2346628 0.096535696           0           0
   3.2408564 0.095871638           0           0
    3.247054 0.095215582           0           0
   3.2532475 0.094565526           0           0
   3.2594452 0.093922471           0           0
   3.2656428 0.093285416           0           0
   3.2718363 0.092655363           0           0
   3.2780339  0.09203231           0           0
   3.2842275 0.091415259           0           0
   3.2904251 0.090805208           0           0
   3.2966186 0.090200158           0           0
   3.3028163 0.089602108           0           0
   3.3090139  0.08900966           0           0
   3.3152074 0.088423412           0           0
    3.321405 0.087842764           0           0
   3.3275986 0.087268118           0           0
   3.3337962 0.086698872           0           0
   3.3399938 0.086135427           0           0
   3.3461873 0.085577383           0           0
    3.352385 0.085024539           0           0
   3.3585785 0.084476896           0           0
   3.3647761 0.083934253           0           0
   3.3709697 0.083397212           0           0
   3.3771673  0.08286477           0           0
   3.3833649  0.08233733           0           0
   3.3895584  0.08181469           0           0
   3.3957561  0.08129665           0           0
   3.4019496 0.080783211           0           0
   3.4081472 0.080273973           0           0
   3.4143408 0.079769335           0           0
   3.4205384 0.079269098           0           0
    3.426736 0.078773061           0           0
   3.4329295 0.078280825           0           0
   3.4391271 0.077792789           0           0
   3.4453207 0.077308754           0           0
   3.4515183 0.076828519           0           0
   3.4577118 0.076351684           0           0
   3.4639095 0.075879051           0           0
   3.4701071 0.075410017           0           0
   3.4763006 0.074944784           0           0
   3.4824982 0.074482952           0           0
   3.4886918  0.07402452           0           0
   3.4948894 0.073569688           0           0
    3.501087 0.073118257           0           0
   3.5072806 0.072670026           0           0
   3.5134782 0.072224996           0           0
   3.5196717 0.071783366           0           0
   3.5258693 0.071344736           0           0
   3.5320629 0.070909107           0           0
   3.5382605 0.070476478           0           0
   3.5444581 0.070047049           0           0
   3.5506517 0.069620621           0           0
   3.5568493 0.069196393           0           0
   3.5630428 0.068775566           0           0
   3.5692404 0.068357339           0           0
    3.575434 0.067941312           0           0
   3.5816316 0.067528286           0           0
   3.5878292  0.06711766           0           0
   3.5940227 0.066709834           0           0
   3.6002204 0.066304409           0           0
   3.6064139 0.065900984           0           0
   3.6126115 0.065500759           0           0
   3.6188091 0.065102534           0           0
   3.6250027  0.06470631           0           0
   3.6312003 0.064313086           0           0
   3.6373938 0.063921463           0           0
   3.6435915 0.063532439           0           0
    3.649785 0.063145616           0           0
   3.6559826 0.062760993           0           0
   3.6621802 0.062378971           0           0
   3.6683738 0.061998549           0           0
   3.6745714 0.061620727           0           0
   3.6807649 0.061244905           0           0
   3.6869625 0.060870884           0           0
   3.6931561 0.060499263           0           0
   3.6993537 0.060129842           0           0
   3.7055513 0.059762221           0           0
   3.7117449 0.059396601           0           0
   3.7179425  0.05903298           0           0
    3.724136  0.05867136           0           0
   3.7303336 0.058311541           0           0
   3.7365313 0.057953521           0           0
   3.7427248 0.057597702           0           0
   3.7489224 0.057243683           0           0
    3.755116 0.056891464           0           0
   3.7613136 0.056540846           0           0
   3.7675071 0.056192027           0           0
   3.7737047 0.055845209           0           0
   3.7799023 0.055499791           0           0
   3.7860959 0.055156373           0           0
   3.7922935 0.054814556           0           0
    3.798487 0.054474538           0           0
   3.8046847 0.054135521           0           0
   3.8108782 0.053798504           0           0
   3.8170758 0.053463288           0           0
   3.8232734 0.053129471           0           0
    3.829467 0.052797055           0           0
   3.8356646 0.052466238           0           0
   3.8418581 0.052136622           0           0
   3.8480558 0.051809207           0           0
   3.8542534 0.051482991           0           0
   3.8604469 0.051158175           0           0
   3.8666445  0.05083496           0           0
   3.8728381 0.050513345           0           0
   3.8790357  0.05019313           0           0
   3.8852292 0.049874315           0           0
   3.8914268 0.049556901           0           0
   3.8976245 0.049241486           0           0
    3.903818 0.048927472           0           0
   3.9100156 0.048614458           0           0
   3.9162092 0.048303444           0           0
   3.9224068  0.04799343           0           0
   3.9286003 0.047685016           0           0
   3.9347979 0.047378603           0           0
   3.9409956 0.047073189           0           0
   3.9471891 0.046769176           0           0
   3.9533867 0.046466963           0           0
   3.9595803  0.04616575           0           0
   3.9657779 0.045866137           0           0
   3.9719714 0.045568125           0           0
    3.978169 0.045271712           0           0
   3.9843666   0.0449763           0           0
   3.9905602 0.044682687           0           0
   3.9967578 0.044390275           0           0
   4.0029513 0.044099463           0           0
    4.009149 0.043810052           0           0
   4.0153466  0.04352184           0           0
   4.0215401 0.043235228           0           0
   4.0277377 0.042950017           0           0
   4.0339313 0.042666206           0           0
   4.0401289 0.042383995           0           0
   4.0463224 0.042103183           0           0
   4.0525201 0.041823373           0           0
   4.0587177 0.041545362           0           0
   4.0649112 0.041268951           0           0
   4.0711088 0.040993541           0           0
   4.0773064  0.04071973           0           0
      4.0835  0.04044752           0           0
   4.0896935  0.04017711           0           0
   4.0958871   0.0399079           0           0
   4.1020806  0.03964029           0           0
   4.1082742  0.03937408           0           0
   4.1144677  0.03910967           0           0
   4.1206612  0.03884686           0           0
   4.1268548 0.038585451           0           0
   4.1330483 0.038325842           0           0
   4.1392826 0.038067832           0           0
   4.1454762 0.037810823           0           0
   4.1516697 0.037556414           0           0
   4.1578632 0.037303005           0           0
   4.1640568 0.037050996           0           0
   4.1702503 0.036800787           0           0
   4.1764439 0.036552579           0           0
   4.1826374  0.03630537           0           0
    4.188831 0.036060162           0           0
   4.1950245 0.035816754           0           0
    4.201218 0.035574345           0           0
   4.2074116 0.035334137           0           0
   4.2136051 0.035095329           0           0
   4.2197987 0.034858121           0           0
   4.2259922 0.034622713           0           0
   4.2321857 0.034388706           0           0
   4.2383793 0.034156098           0           0
   4.2445728  0.03392589           0           0
   4.2508071 0.033696883           0           0
   4.2570007 0.033469476           0           0
   4.2631942 0.033243668           0           0
   4.2693877 0.033019661           0           0
   4.2755813 0.032797254           0           0
   4.2817748 0.032576447           0           0
   4.2879684  0.03235724           0           0
   4.2941619 0.032139833           0           0
   4.3003555 0.031924226           0           0
    4.306549  0.03171002           0           0
   4.3127425 0.031497413           0           0
   4.3189361 0.031286807           0           0
   4.3251296   0.0310774           0           0
   4.3313232 0.030869794           0           0
   4.3375167 0.030663988           0           0
   4.3437102 0.030459781           0           0
   4.3499038 0.030257575           0           0
   4.3561381 0.030056569           0           0
   4.3623316 0.029857563           0           0
   4.3685252 0.029660157           0           0
   4.3747187 0.029464352           0           0
   4.3809122 0.029270346           0           0
   4.3871058  0.02907814           0           0
   4.3932993 0.028887335           0           0
   4.3994929 0.028698329           0           0
   4.4056864 0.028511124           0           0
     4.41188 0.028325318           0           0
   4.4180735 0.028141713           0           0
    4.424267 0.027959508           0           0
   4.4304606 0.027779103           0           0
   4.4366541 0.027600098           0           0
   4.4428477 0.027423293           0           0
   4.4490412 0.027247888           0           0
   4.4552347 0.027074283           0           0
    4.461469 0.026902478           0           0
   4.4676626 0.026732273           0           0
   4.4738561 0.026563668           0           0
   4.4800497 0.026397064           0           0
   4.4862432 0.026232059           0           0
   4.4924367 0.026068855           0           0
   4.4986303  0.02590725           0           0
   4.5048238 0.025747246           0           0
   4.5110174 0.025589442           0           0
   4.5172109 0.025432837           0           0
   4.5234045 0.025278233           0           0
    4.529598 0.025125229           0           0
   4.5357915 0.024973625           0           0
   4.5419851 0.024824221           0           0
   4.5481786 0.024675817           0           0
   4.5543722 0.024529413           0           0
   4.5605657 0.024384209           0           0
      4.5668 0.024241205           0           0
   4.5729935 0.024099001           0           0
   4.5791871 0.023958598           0           0
   4.5853806 0.023819594           0           0
   4.5915742  0.02368219           0           0
   4.5977677 0.023546187           0           0
   4.6039612 0.023411383           0           0
   4.6101548  0.02327818           0           0
   4.6163483 0.023146176           0           0
   4.6225419 0.023015973           0           0
   4.6287354  0.02288677           0           0
    4.634929 0.022758766           0           0
   4.6411225 0.022632363           0           0
    4.647316  0.02250696           0           0
   4.6535096 0.022382957           0           0
   4.6597031 0.022260154           0           0
   4.6658967 0.022138551           0           0
   4.6720902 0.022017948           0           0
   4.6783245 0.021898945           0           0
    4.684518 0.021780742           0           0
   4.6907116 0.021663739           0           0
   4.6969051 0.021548136           0           0
   4.7030987 0.021433333           0           0
   4.7092922  0.02131953           0           0
   4.7154858 0.021206527           0           0
   4.7216793 0.021095124           0           0
   4.7278728 0.020984522           0           0
   4.7340664 0.020875119           0           0
   4.7402599 0.020766116           0           0
   4.7464535 0.020658514           0           0
    4.752647 0.020551511           0           0
   4.7588405 0.020445709           0           0
   4.7650341 0.020340906           0           0
   4.7712276 0.020236704           0           0
   4.7774212 0.020133701           0           0
   4.7836555 0.020031299           0           0
    4.789849 0.019929696           0           0
   4.7960425 0.019829294           0           0
   4.8022361 0.019729491           0           0
   4.8084296 0.019630289           0           0
   4.8146232 0.019532287           0           0
   4.8208167 0.019434885           0           0
   4.8270103 0.019338282           0           0
   4.8332038  0.01924268           0           0
   4.8393973 0.019147478           0           0
   4.8455909 0.019053276           0           0
   4.8517844 0.018959673           0           0
    4.857978 0.018867071           0           0
   4.8641715 0.018774869           0           0
    4.870365 0.018683267           0           0
   4.8765586 0.018592465           0           0
   4.8827521 0.018502463           0           0
   4.8889864 0.018413061           0           0
     4.89518 0.018324059           0           0
   4.9013735 0.018236257           0           0
    4.907567 0.018148855           0           0
   4.9137606 0.018061653           0           0
   4.9199541 0.017975251           0           0
   4.9261477 0.017889049           0           0
   4.9323412 0.017804047           0           0
   4.9385348 0.017719246           0           0
   4.9447283 0.017635044           0           0
   4.9509218 0.017551042           0           0
   4.9571154  0.01746764           0           0
   4.9633089 0.017384638           0           0
   4.9695025 0.017302237           0           0
    4.975696 0.017220035           0           0
   4.9818895 0.017138433           0           0
   4.9880831 0.017057031           0           0
   4.9942766  0.01697583           0           0
