 0.063643941    32.76105           0           0
 0.069840335   34.013834           0           0
 0.076037136    33.01441           0           0
 0.082233938   31.294982           0           0
 0.088430332   30.848387           0           0
 0.094627134   32.696783           0           0
  0.10082394   35.118046           0           0
  0.10702074   36.359394           0           0
  0.11321754   35.843346           0           0
  0.11941393   33.858863           0           0
  0.12561074   31.440872           0           0
  0.13180754   29.448794           0           0
  0.13800434   28.247199           0           0
  0.14420073   28.431717           0           0
  0.15039753   29.942164           0           0
  0.15659434   31.952549           0           0
  0.16279114    33.72262           0           0
  0.16898753   34.864514           0           0
  0.17518433    35.24919           0           0
  0.18138114   35.018538           0           0
  0.18757794   34.376016           0           0
  0.19377474   33.498528           0           0
  0.19997113   32.544467           0           0
  0.20616793   31.673237           0           0
  0.21236474   30.981692           0           0
  0.21856113   30.524507           0           0
  0.22475793    30.28615           0           0
  0.23095473   30.221588           0           0
  0.23715154   30.283646           0           0
  0.24334834   30.419793           0           0
  0.24954473   30.571319           0           0
  0.25574153   30.699375           0           0
  0.26193834   30.773612           0           0
  0.26813514   30.766186           0           0
  0.27433153   30.663356           0           0
  0.28052833   30.467707           0           0
  0.28672513    30.19606           0           0
  0.29292194   29.876502           0           0
  0.29911833   29.536657           0           0
  0.30531513   29.192211           0           0
  0.31151193   28.854324           0           0
  0.31770874   28.534106           0           0
  0.32390513   28.242654           0           0
  0.33010193   27.990014           0           0
  0.33629873   27.780221           0           0
  0.34249553   27.612507           0           0
  0.34869193   27.485201           0           0
  0.35488873   27.396245           0           0
  0.36108553   27.342285           0           0
  0.36728233   27.319284           0           0
  0.37347914   27.322113           0           0
  0.37967553   27.342189           0           0
  0.38587233   27.368818           0           0
  0.39206913   27.390969           0           0
  0.39826593   27.399621           0           0
  0.40446233   27.386723           0           0
  0.41066035   27.344556           0           0
   0.4168539   27.269973           0           0
  0.42305151   27.162942           0           0
  0.42924913   27.024916           0           0
  0.43544675   26.858953           0           0
  0.44164436   26.668814           0           0
   0.4478379   26.458971           0           0
  0.45403552   26.233437           0           0
  0.46023314   25.996254           0           0
  0.46643075    25.75083           0           0
   0.4726243   25.500374           0           0
  0.47882191    25.24816           0           0
  0.48501953   24.997082           0           0
  0.49121715   24.748907           0           0
  0.49741476   24.504891           0           0
   0.5036083   24.265796           0           0
  0.50980592   24.032765           0           0
  0.51600354   23.806461           0           0
  0.52220115   23.586936           0           0
   0.5283947    23.37364           0           0
  0.53459231   23.165506           0           0
  0.54078993   22.961488           0           0
  0.54698755   22.760339           0           0
  0.55318516   22.560711           0           0
   0.5593787   22.361368           0           0
  0.56557632   22.161366           0           0
  0.57177394    21.95998           0           0
  0.57797155   21.756683           0           0
   0.5841651   21.551258           0           0
  0.59036271   21.343275           0           0
  0.59656033   21.132419           0           0
  0.60275795   20.918169           0           0
  0.60895556   20.700309           0           0
   0.6151491   20.478527           0           0
  0.62134672   20.252603           0           0
  0.62754434   20.022224           0           0
  0.63374195    19.78738           0           0
   0.6399355   19.548064           0           0
  0.64613311   19.304964           0           0
  0.65233073   19.058577           0           0
  0.65852835   18.809496           0           0
  0.66472596   18.558316           0           0
  0.67091951   18.305734           0           0
  0.67711712    18.05234           0           0
  0.68331474   17.798629           0           0
  0.68951235   17.545397           0           0
   0.6957059   17.293241           0           0
  0.70190351   17.042651           0           0
  0.70810113   16.794224           0           0
  0.71429875   16.548655           0           0
  0.72049636   16.306138           0           0
  0.72668991   16.066967           0           0
  0.73288752   15.831535           0           0
  0.73908514   15.599735           0           0
  0.74528276   15.372065           0           0
   0.7514763   15.148316           0           0
  0.75767391   14.928783           0           0
  0.76387153   14.713461           0           0
  0.77006915   14.502344           0           0
  0.77626676   14.295328           0           0
  0.78246031   14.092407           0           0
  0.78865792   13.893276           0           0
  0.79485554   13.697629           0           0
  0.80105316   13.505463           0           0
   0.8072467   13.316273           0           0
  0.81344431   13.130054           0           0
  0.81964193   12.946602           0           0
  0.82583955   12.765615           0           0
  0.83203309   12.586789           0           0
  0.83823071    12.41022           0           0
  0.84442832   12.235505           0           0
  0.85062594   12.062743           0           0
  0.85682356    11.89203           0           0
   0.8630171   11.723367           0           0
  0.86921471   11.556749           0           0
  0.87541233   11.392175           0           0
  0.88160995   11.229843           0           0
  0.88780349   11.069553           0           0
  0.89400111   10.911602           0           0
  0.90019872   10.755988           0           0
  0.90639634   10.602811           0           0
  0.91259396   10.452069           0           0
   0.9187875   10.303661           0           0
  0.92498511   10.157684           0           0
  0.93118273   10.013937           0           0
  0.93738035     9.87231           0           0
  0.94357389   9.7328505           0           0
  0.94977151   9.5954573           0           0
  0.95596912   9.4600795           0           0
  0.96216674   9.3266458           0           0
  0.96836436   9.1950953           0           0
   0.9745579   9.0653771           0           0
  0.98075552   8.9374199           0           0
  0.98695313   8.8111328           0           0
  0.99315075   8.6864249           0           0
  0.99934429   8.5632356           0           0
   1.0055419   8.4415037           0           0
   1.0117395   8.3211686           0           0
   1.0179371   8.2021597           0           0
   1.0241348   8.0844262           0           0
   1.0303283   7.9678976           0           0
   1.0365259   7.8525229           0           0
   1.0427235   7.7382318           0           0
   1.0489211   7.6249936           0           0
   1.0551147   7.5127681           0           0
   1.0613123   7.4014943           0           0
   1.0675099    7.291122           0           0
   1.0737075   7.1816107           0           0
   1.0799052   7.0728699           0           0
   1.0860987   6.9648091           0           0
   1.0922963   6.8573679           0           0
   1.0984939   6.7504959           0           0
   1.1046915   6.6442028           0           0
   1.1108851   6.5385084           0           0
   1.1170827   6.4334323           0           0
   1.1232803   6.3289842           0           0
   1.1294779    6.225184           0           0
   1.1356756   6.1220415           0           0
   1.1418691   6.0195863           0           0
   1.1480667   5.9178182           0           0
   1.1542643   5.8167771           0           0
   1.1604619   5.7164726           0           0
   1.1666555   5.6170148           0           0
   1.1728531   5.5184834           0           0
   1.1790507   5.4209984           0           0
   1.1852483   5.3246496           0           0
   1.1914419    5.229557           0           0
   1.1976395   5.1358103           0           0
   1.2038371   5.0435095           0           0
   1.2100347   4.9527745           0           0
   1.2162323   4.8636952           0           0
   1.2224259   4.7763715           0           0
   1.2286235   4.6908331           0           0
   1.2348211     4.60712           0           0
   1.2410187   4.5252619           0           0
   1.2472123   4.4453089           0           0
   1.2534099   4.3672705           0           0
   1.2596075   4.2911468           0           0
   1.2658051   4.2168575           0           0
   1.2720028   4.1443424           0           0
   1.2781963   4.0735313           0           0
   1.2843939    4.004334           0           0
   1.2905915   3.9366803           0           0
   1.2967891      3.8705           0           0
   1.3029827    3.805723           0           0
   1.3091803   3.7422692           0           0
   1.3153779   3.6800683           0           0
   1.3215755   3.6190502           0           0
   1.3277732   3.5591249           0           0
   1.3339667    3.500232           0           0
   1.3401643   3.4422916           0           0
   1.3463619   3.3852335           0           0
   1.3525595   3.3289876           0           0
   1.3587531   3.2734737           0           0
   1.3649507   3.2186519           0           0
   1.3711483   3.1645519           0           0
   1.3773459   3.1111939           0           0
   1.3835436   3.0585877           0           0
   1.3897371   3.0067633           0           0
   1.3959347   2.9557306           0           0
   1.4021323   2.9055097           0           0
   1.4083299   2.8561204           0           0
   1.4145235   2.8075928           0           0
   1.4207211   2.7599268           0           0
   1.4269187   2.7131623           0           0
   1.4331163   2.6672993           0           0
    1.439314   2.6223478           0           0
   1.4455075   2.5783277           0           0
   1.4517051    2.535259           0           0
   1.4579027   2.4931317           0           0
   1.4641003   2.4519757           0           0
   1.4702939    2.411791           0           0
   1.4764915   2.3725975           0           0
   1.4826891   2.3343752           0           0
   1.4888867   2.2971242           0           0
   1.4950844   2.2608342           0           0
   1.5012779   2.2254953           0           0
   1.5074755   2.1910875           0           0
   1.5136731   2.1576207           0           0
   1.5198707   2.1250649           0           0
   1.5260643      2.0934           0           0
   1.5322619    2.062586           0           0
   1.5384595   2.0326129           0           0
   1.5446571   2.0034405           0           0
   1.5508507    1.975029           0           0
   1.5570483   1.9473683           0           0
   1.5632459   1.9204082           0           0
   1.5694435   1.8941388           0           0
   1.5756411   1.8685201           0           0
   1.5818347    1.843522           0           0
   1.5880323   1.8191146           0           0
   1.5942299   1.7952676           0           0
   1.6004275   1.7719613           0           0
   1.6066211   1.7491454           0           0
   1.6128187     1.72678           0           0
   1.6190163   1.7048451           0           0
   1.6252139   1.6832806           0           0
   1.6314115   1.6620665           0           0
   1.6376051   1.6411729           0           0
   1.6438027   1.6205495           0           0
   1.6500003   1.6001866           0           0
   1.6561979    1.580044           0           0
   1.6623915   1.5601117           0           0
   1.6685891   1.5403396           0           0
   1.6747867   1.5207279           0           0
   1.6809843   1.5012265           0           0
   1.6871819   1.4818153           0           0
   1.6933755   1.4624743           0           0
   1.6995731   1.4431936           0           0
   1.7057707   1.4239631           0           0
   1.7119683   1.4047828           0           0
   1.7181619   1.3856328           0           0
   1.7243595   1.3665029           0           0
   1.7305571   1.3474033           0           0
   1.7367547   1.3283238           0           0
   1.7429523   1.3092846           0           0
   1.7491459   1.2902955           0           0
   1.7553435   1.2713666           0           0
   1.7615411   1.2525079           0           0
   1.7677387   1.2337394           0           0
   1.7739323   1.2150611           0           0
   1.7801299    1.196503           0           0
   1.7863275   1.1780551           0           0
   1.7925251   1.1597474           0           0
   1.7987227   1.1415898           0           0
   1.8049163   1.1235824           0           0
   1.8111139   1.1057452           0           0
   1.8173115   1.0880882           0           0
   1.8235091   1.0706314           0           0
   1.8297027   1.0533747           0           0
   1.8359003   1.0363383           0           0
   1.8420979   1.0195319           0           0
   1.8482955   1.0029658           0           0
   1.8544931  0.98665985           0           0
   1.8606867  0.97061305           0           0
   1.8668843  0.95484742           0           0
   1.8730819  0.93936996           0           0
   1.8792795  0.92418866           0           0
   1.8854731  0.90930653           0           0
   1.8916707  0.89472254           0           0
   1.8978683  0.88043171           0           0
   1.9040659  0.86643202           0           0
   1.9102635  0.85271948           0           0
   1.9164571  0.83929108           0           0
   1.9226547  0.82614281           0           0
   1.9288523  0.81327267           0           0
   1.9350499  0.80067465           0           0
   1.9412435  0.78834776           0           0
   1.9474411  0.77628799           0           0
   1.9536387  0.76449134           0           0
   1.9598363  0.75295579           0           0
   1.9660299  0.74167636           0           0
   1.9722275  0.73065003           0           0
   1.9784251  0.71987381           0           0
   1.9846227  0.70934368           0           0
   1.9908203  0.69905665           0           0
   1.9970139  0.68900871           0           0
   2.0032115  0.67919487           0           0
   2.0094091  0.66960911           0           0
   2.0156067  0.66024843           0           0
   2.0218003  0.65110584           0           0
   2.0279979  0.64217633           0           0
   2.0341955  0.63345689           0           0
   2.0403931  0.62494053           0           0
   2.0465907  0.61662324           0           0
   2.0527843  0.60850101           0           0
   2.0589819  0.60056886           0           0
   2.0651795  0.59282077           0           0
   2.0713771  0.58525274           0           0
   2.0775707  0.57785977           0           0
   2.0837683  0.57063786           0           0
   2.0899659    0.563582           0           0
   2.0961635   0.5566872           0           0
   2.1023611  0.54994745           0           0
   2.1085547  0.54336075           0           0
   2.1147523  0.53692009           0           0
   2.1209499  0.53062349           0           0
   2.1271475  0.52446493           0           0
   2.1333411  0.51844041           0           0
   2.1395387  0.51254594           0           0
   2.1457363   0.5067775           0           0
   2.1519339  0.50113011           0           0
   2.1581315  0.49559975           0           0
   2.1643251  0.49018243           0           0
   2.1705227  0.48487314           0           0
   2.1767203  0.47966789           0           0
   2.1829179  0.47456267           0           0
   2.1891115  0.46955348           0           0
   2.1953091  0.46463532           0           0
   2.2015067  0.45980519           0           0
   2.2077043  0.45505809           0           0
   2.2139019  0.45039201           0           0
   2.2200955  0.44580496           0           0
   2.2262931  0.44129493           0           0
   2.2324907  0.43685893           0           0
   2.2386883  0.43249496           0           0
   2.2448819    0.428201           0           0
   2.2510795  0.42397307           0           0
   2.2572771  0.41980916           0           0
   2.2634747  0.41570927           0           0
   2.2696723   0.4116684           0           0
   2.2758659  0.40768455           0           0
   2.2820635  0.40375671           0           0
   2.2882611   0.3998809           0           0
   2.2944587   0.3960551           0           0
   2.3006523  0.39227832           0           0
   2.3068499  0.38854656           0           0
   2.3130475  0.38485781           0           0
   2.3192451  0.38120908           0           0
   2.3254427  0.37760036           0           0
   2.3316363  0.37402666           0           0
   2.3378339  0.37048697           0           0
   2.3440315  0.36697829           0           0
   2.3502291  0.36349863           0           0
   2.3564227  0.36004797           0           0
   2.3626203  0.35662633           0           0
   2.3688179  0.35323271           0           0
   2.3750155  0.34986609           0           0
   2.3812091  0.34652649           0           0
   2.3874067  0.34321389           0           0
   2.3936043  0.33992631           0           0
   2.3998019  0.33666374           0           0
   2.4059995  0.33342518           0           0
   2.4121931  0.33020962           0           0
   2.4183907  0.32701608           0           0
   2.4245883  0.32384655           0           0
   2.4307859  0.32069803           0           0
   2.4369795  0.31757151           0           0
   2.4431771  0.31446701           0           0
   2.4493747  0.31138452           0           0
   2.4555723  0.30832403           0           0
   2.4617699  0.30528555           0           0
   2.4679635  0.30227108           0           0
   2.4741611  0.29927862           0           0
   2.4803587  0.29630917           0           0
   2.4865563  0.29336272           0           0
   2.4927499  0.29044029           0           0
   2.4989475  0.28754186           0           0
   2.5051451  0.28466644           0           0
   2.5113427  0.28181603           0           0
   2.5175403  0.27899062           0           0
   2.5237339  0.27618923           0           0
   2.5299315  0.27341284           0           0
   2.5361291  0.27066145           0           0
   2.5423267  0.26793508           0           0
   2.5485203  0.26523471           0           0
   2.5547179  0.26256035           0           0
   2.5609155  0.25991199           0           0
   2.5671131  0.25728964           0           0
   2.5733107   0.2546943           0           0
   2.5795043  0.25212497           0           0
   2.5857019  0.24958264           0           0
   2.5918995  0.24706732           0           0
   2.5980971     0.24458           0           0
   2.6042907  0.24212069           0           0
   2.6104883  0.23968839           0           0
   2.6166859  0.23728509           0           0
   2.6228835   0.2349098           0           0
   2.6290811  0.23256251           0           0
   2.6352747  0.23024323           0           0
   2.6414723  0.22795196           0           0
   2.6476699  0.22568769           0           0
   2.6538675  0.22345042           0           0
   2.6600611  0.22124016           0           0
   2.6662587  0.21905691           0           0
   2.6724563  0.21690066           0           0
   2.6786539  0.21477042           0           0
   2.6848515  0.21266718           0           0
   2.6910451  0.21058994           0           0
   2.6972427  0.20853871           0           0
   2.7034403  0.20651249           0           0
   2.7096379  0.20451227           0           0
   2.7158315  0.20253705           0           0
   2.7220291  0.20058784           0           0
   2.7282267  0.19866263           0           0
   2.7344243  0.19676343           0           0
   2.7406219  0.19488723           0           0
   2.7468155  0.19303703           0           0
   2.7530131  0.19120984           0           0
   2.7592107  0.18940765           0           0
   2.7654083  0.18762847           0           0
   2.7716019  0.18587329           0           0
   2.7777995  0.18414111           0           0
   2.7839971  0.18243294           0           0
   2.7901947  0.18074677           0           0
   2.7963883   0.1790826           0           0
   2.8025859  0.17744144           0           0
   2.8087835  0.17582228           0           0
   2.8149811  0.17422312           0           0
   2.8211787  0.17264597           0           0
   2.8273723  0.17108982           0           0
   2.8335699  0.16955267           0           0
   2.8397675  0.16803653           0           0
   2.8459651  0.16653838           0           0
   2.8521587  0.16506024           0           0
   2.8583563  0.16359911           0           0
   2.8645539  0.16215797           0           0
   2.8707515  0.16073384           0           0
   2.8769491  0.15932671           0           0
   2.8831427  0.15793658           0           0
   2.8893403  0.15656246           0           0
   2.8955379  0.15520534           0           0
   2.9017355  0.15386322           0           0
   2.9079291   0.1525371           0           0
   2.9141267  0.15122498           0           0
   2.9203243  0.14992887           0           0
   2.9265219  0.14864576           0           0
   2.9327195  0.14737765           0           0
   2.9389131  0.14612254           0           0
   2.9451107  0.14488143           0           0
   2.9513083  0.14365333           0           0
   2.9575059  0.14243923           0           0
   2.9636995  0.14123913           0           0
   2.9698971  0.14005003           0           0
   2.9760947  0.13887493           0           0
   2.9822923  0.13771284           0           0
   2.9884899  0.13656174           0           0
   2.9946835  0.13542365           0           0
   3.0008811  0.13429756           0           0
   3.0070787  0.13318347           0           0
   3.0132763  0.13208038           0           0
   3.0194699   0.1309893           0           0
   3.0256675  0.12990921           0           0
   3.0318651  0.12884013           0           0
   3.0380627  0.12778205           0           0
   3.0442603  0.12673397           0           0
   3.0504539  0.12569689           0           0
   3.0566515  0.12467081           0           0
   3.0628491  0.12365474           0           0
   3.0690467  0.12264966           0           0
   3.0752403  0.12165359           0           0
   3.0814379  0.12066952           0           0
   3.0876355  0.11969445           0           0
   3.0938331  0.11872938           0           0
   3.1000307  0.11777531           0           0
   3.1062243  0.11683024           0           0
   3.1124219  0.11589517           0           0
   3.1186195  0.11497011           0           0
   3.1248171  0.11405404           0           0
   3.1310107  0.11314898           0           0
   3.1372083  0.11225292           0           0
   3.1434059  0.11136586           0           0
   3.1496035   0.1104878           0           0
   3.1558011  0.10961974           0           0
   3.1619947  0.10876068           0           0
   3.1681923  0.10791162           0           0
   3.1743899  0.10707057           0           0
   3.1805875  0.10623851           0           0
   3.1867811  0.10541546           0           0
   3.1929787   0.1046014           0           0
   3.1991763  0.10379635           0           0
   3.2053739   0.1030003           0           0
   3.2115675  0.10221225           0           0
   3.2177651   0.1014332           0           0
   3.2239627  0.10066215           0           0
   3.2301603 0.099901102           0           0
   3.2363579 0.099148054           0           0
   3.2425515 0.098403007           0           0
   3.2487491 0.097666962           0           0
   3.2549467 0.096938917           0           0
   3.2611443 0.096219872           0           0
   3.2673379 0.095509829           0           0
   3.2735355 0.094806786           0           0
   3.2797331 0.094112744           0           0
   3.2859307 0.093427702           0           0
   3.2921283 0.092749662           0           0
   3.2983219 0.092080622           0           0
   3.3045195 0.091418582           0           0
   3.3107171 0.090765543           0           0
   3.3169147 0.090119505           0           0
   3.3231083 0.089481468           0           0
   3.3293059 0.088851431           0           0
   3.3355035 0.088227395           0           0
   3.3417011 0.087611359           0           0
   3.3478987 0.087002324           0           0
   3.3540923  0.08640129           0           0
   3.3602899 0.085805856           0           0
   3.3664875 0.085217623           0           0
   3.3726851  0.08463599           0           0
   3.3788787 0.084060958           0           0
   3.3850763 0.083492326           0           0
   3.3912739 0.082930095           0           0
   3.3974715 0.082373864           0           0
   3.4036691 0.081823634           0           0
   3.4098627 0.081279604           0           0
   3.4160603 0.080740775           0           0
   3.4222579 0.080208346           0           0
   3.4284555 0.079680917           0           0
   3.4346491 0.079159489           0           0
   3.4408467 0.078642862           0           0
   3.4470443 0.078131635           0           0
   3.4532419 0.077625208           0           0
   3.4594395 0.077124182           0           0
   3.4656331 0.076627556           0           0
   3.4718307  0.07613593           0           0
   3.4780283 0.075648705           0           0
   3.4842259  0.07516568           0           0
   3.4904195 0.074687656           0           0
   3.4966171 0.074213231           0           0
   3.5028147 0.073743008           0           0
   3.5090123 0.073276584           0           0
   3.5152099 0.072814361           0           0
   3.5214035 0.072355538           0           0
   3.5276011 0.071900716           0           0
   3.5337987 0.071449094           0           0
   3.5399963 0.071000872           0           0
   3.5461899  0.07055585           0           0
   3.5523875 0.070114229           0           0
   3.5585851 0.069675408           0           0
   3.5647827 0.069239787           0           0
   3.5709762 0.068806967           0           0
   3.5771739 0.068376947           0           0
   3.5833715 0.067949527           0           0
   3.5895691 0.067525107           0           0
   3.5957667 0.067103488           0           0
   3.6019603 0.066684268           0           0
   3.6081579  0.06626785           0           0
   3.6143555 0.065853831           0           0
   3.6205531 0.065442212           0           0
   3.6267466 0.065033194           0           0
   3.6329443 0.064626776           0           0
   3.6391419 0.064222358           0           0
   3.6453395 0.063820541           0           0
   3.6515371 0.063420924           0           0
   3.6577307 0.063023906           0           0
   3.6639283  0.06262929           0           0
   3.6701259 0.062236473           0           0
   3.6763235 0.061846456           0           0
    3.682517  0.06145864           0           0
   3.6887147 0.061073024           0           0
   3.6949123 0.060689808           0           0
   3.7011099 0.060308993           0           0
   3.7073075 0.059930577           0           0
   3.7135011 0.059553762           0           0
   3.7196987 0.059179747           0           0
   3.7258963 0.058807932           0           0
   3.7320939 0.058438117           0           0
   3.7382874 0.058070703           0           0
   3.7444851 0.057705688           0           0
   3.7506827 0.057343074           0           0
   3.7568803  0.05698226           0           0
   3.7630779 0.056623446           0           0
   3.7692715 0.056267433           0           0
   3.7754691 0.055913419           0           0
   3.7816667 0.055561406           0           0
   3.7878643 0.055211593           0           0
   3.7940578  0.05486418           0           0
   3.8002555 0.054518767           0           0
   3.8064531 0.054175554           0           0
   3.8126507 0.053834542           0           0
   3.8188483 0.053495529           0           0
   3.8250419 0.053158717           0           0
   3.8312395 0.052824305           0           0
   3.8374371 0.052491693           0           0
   3.8436347 0.052161281           0           0
   3.8498282  0.05183307           0           0
   3.8560259 0.051507058           0           0
   3.8622235 0.051183247           0           0
   3.8684211 0.050860836           0           0
   3.8746187 0.050541225           0           0
   3.8808123 0.050223614           0           0
   3.8870099 0.049908203           0           0
   3.8932075 0.049594192           0           0
   3.8994051 0.049282982           0           0
   3.9055986 0.048973372           0           0
   3.9117963 0.048665761           0           0
   3.9179939 0.048360751           0           0
   3.9241915 0.048056941           0           0
   3.9303891 0.047755731           0           0
   3.9365827 0.047456322           0           0
   3.9427803 0.047158912           0           0
   3.9489779 0.046863303           0           0
   3.9551755 0.046569493           0           0
    3.961369 0.046278084           0           0
   3.9675667 0.045988475           0           0
   3.9737643 0.045700666           0           0
   3.9799619 0.045414457           0           0
   3.9861554 0.045130848           0           0
   3.9923531 0.044848239           0           0
   3.9985507 0.044567831           0           0
   4.0047483 0.044289622           0           0
   4.0109459 0.044012814           0           0
   4.0171394 0.043738206           0           0
   4.0233371 0.043464997           0           0
   4.0295347 0.043193389           0           0
   4.0357323 0.042923981           0           0
   4.0419258 0.042656173           0           0
   4.0481235 0.042390166           0           0
   4.0543211 0.042126158           0           0
   4.0605187  0.04186335           0           0
   4.0667163 0.041602743           0           0
   4.0729099 0.041343335           0           0
   4.0790993 0.041086128           0           0
   4.0852929 0.040830721           0           0
   4.0914864 0.040576714           0           0
   4.0976799 0.040324507           0           0
   4.1039142   0.0400737           0           0
   4.1101078 0.039825293           0           0
   4.1163013 0.039577886           0           0
   4.1224949 0.039332279           0           0
   4.1286884 0.039088472           0           0
   4.1348819 0.038846266           0           0
   4.1410755 0.038606059           0           0
    4.147269 0.038367253           0           0
   4.1534626 0.038129847           0           0
   4.1596561  0.03789424           0           0
   4.1658497 0.037660434           0           0
   4.1720432 0.037428028           0           0
   4.1782367 0.037197422           0           0
    4.184471 0.036968216           0           0
   4.1906646  0.03674081           0           0
   4.1968581 0.036515004           0           0
   4.2030517 0.036290399           0           0
   4.2092452 0.036068193           0           0
   4.2154387 0.035846987           0           0
   4.2216323 0.035627382           0           0
   4.2278258 0.035408976           0           0
   4.2340194 0.035192771           0           0
   4.2402129 0.034977566           0           0
   4.2464064  0.03476416           0           0
      4.2526 0.034552155           0           0
   4.2587935  0.03434175           0           0
   4.2650278 0.034132745           0           0
   4.2712214  0.03392534           0           0
   4.2774149 0.033719135           0           0
   4.2836084  0.03351453           0           0
    4.289802 0.033311325           0           0
   4.2959955 0.033109521           0           0
   4.3021891 0.032909316           0           0
   4.3083826 0.032710111           0           0
   4.3145762 0.032513107           0           0
   4.3207697 0.032316902           0           0
   4.3269632 0.032122098           0           0
   4.3331568 0.031929093           0           0
   4.3393503 0.031737289           0           0
   4.3455846 0.031546884           0           0
   4.3517782  0.03135808           0           0
   4.3579717 0.031170276           0           0
   4.3641652 0.030984072           0           0
   4.3703588 0.030799268           0           0
   4.3765523 0.030615863           0           0
   4.3827459 0.030433659           0           0
   4.3889394 0.030253055           0           0
   4.3951329 0.030073652           0           0
   4.4013265 0.029895648           0           0
     4.40752 0.029718844           0           0
   4.4137136  0.02954344           0           0
   4.4199071 0.029369436           0           0
   4.4261414 0.029196833           0           0
   4.4323349 0.029025229           0           0
   4.4385285 0.028855425           0           0
    4.444722 0.028686822           0           0
   4.4509156 0.028519218           0           0
   4.4571091 0.028353015           0           0
   4.4633027 0.028188211           0           0
   4.4694962 0.028024608           0           0
   4.4756897 0.027862205           0           0
   4.4818833 0.027701201           0           0
   4.4880768 0.027541598           0           0
   4.4942704 0.027383195           0           0
   4.5004639 0.027225992           0           0
   4.5066982 0.027070188           0           0
   4.5128917 0.026915385           0           0
   4.5190853 0.026762182           0           0
   4.5252788 0.026609779           0           0
   4.5314724 0.026458576           0           0
   4.5376659 0.026308573           0           0
   4.5438594  0.02616017           0           0
    4.550053 0.026012567           0           0
   4.5562465 0.025866164           0           0
   4.5624401 0.025721362           0           0
   4.5686336 0.025577359           0           0
   4.5748272 0.025434356           0           0
   4.5810207 0.025292353           0           0
    4.587255 0.025151951           0           0
   4.5934485 0.025012348           0           0
   4.5996421 0.024873745           0           0
   4.6058356 0.024736343           0           0
   4.6120292  0.02460014           0           0
   4.6182227 0.024464938           0           0
   4.6244162 0.024330735           0           0
   4.6306098 0.024197933           0           0
   4.6368033  0.02406593           0           0
   4.6429969 0.023934728           0           0
   4.6491904 0.023804725           0           0
   4.6553839 0.023676123           0           0
   4.6616182 0.023548121           0           0
   4.6678118 0.023421118           0           0
   4.6740053 0.023295116           0           0
   4.6801989 0.023170314           0           0
   4.6863924 0.023046512           0           0
   4.6925859 0.022923309           0           0
   4.6987795 0.022801307           0           0
    4.704973 0.022680305           0           0
   4.7111666 0.022560103           0           0
   4.7173601 0.022441301           0           0
   4.7235537 0.022322899           0           0
   4.7297472 0.022205497           0           0
   4.7359407 0.022089095           0           0
    4.742175 0.021973693           0           0
   4.7483686 0.021858891           0           0
   4.7545621 0.021745289           0           0
   4.7607557 0.021632687           0           0
   4.7669492 0.021520685           0           0
   4.7731427 0.021409283           0           0
   4.7793363 0.021299081           0           0
   4.7855298 0.021189679           0           0
   4.7917234 0.021081477           0           0
   4.7979169 0.020973476           0           0
   4.8041104 0.020866874           0           0
    4.810304 0.020760472           0           0
   4.8164975  0.02065547           0           0
   4.8227318 0.020551069           0           0
   4.8289254 0.020447467           0           0
   4.8351189 0.020344865           0           0
   4.8413124 0.020243264           0           0
    4.847506 0.020142062           0           0
   4.8536995  0.02004206           0           0
   4.8598931 0.019942859           0           0
   4.8660866 0.019844057           0           0
   4.8722802 0.019746855           0           0
   4.8784737 0.019649854           0           0
   4.8846672 0.019554052           0           0
   4.8908608 0.019459051           0           0
   4.8970543 0.019364849           0           0
   4.9032886 0.019271448           0           0
   4.9094822 0.019178846           0           0
   4.9156757 0.019087245           0           0
   4.9218692 0.018996244           0           0
   4.9280628 0.018906442           0           0
   4.9342563 0.018817241           0           0
   4.9404499 0.018728639           0           0
   4.9466434 0.018641038           0           0
   4.9528369 0.018554037           0           0
   4.9590305 0.018468035           0           0
    4.965224 0.018382434           0           0
   4.9714176 0.018298033           0           0
   4.9776111 0.018213631           0           0
   4.9838454  0.01813043           0           0
   4.9900389 0.018047629           0           0
   4.9962325 0.017965228           0           0
