 0.063128899   65.910661           0           0
  0.06932896   68.873448           0           0
 0.075528614   68.212243           0           0
 0.081728675   66.036059           0           0
 0.087928737   64.542566           0           0
 0.094128798   64.935792           0           0
  0.10032845   65.707712           0           0
  0.10652851    66.00417           0           0
  0.11272858   66.233155           0           0
  0.11892864    66.63277           0           0
  0.12512829   66.652536           0           0
  0.13132835    66.09191           0           0
  0.13752841   65.187778           0           0
  0.14372807   64.153785           0           0
  0.14992813   63.260932           0           0
  0.15612819    62.72949           0           0
  0.16232825   62.503806           0           0
  0.16852791   62.355065           0           0
  0.17472797   62.149575           0           0
  0.18092803    61.85384           0           0
  0.18712809   61.459736           0           0
  0.19332815   61.054075           0           0
  0.19952781   60.748207           0           0
  0.20572787   60.581187           0           0
  0.21192793    60.52368           0           0
  0.21812758   60.501339           0           0
  0.22432764   60.457426           0           0
  0.23052771   60.340117           0           0
  0.23672777   60.109074           0           0
  0.24292742   59.730328           0           0
  0.24912748   59.180167           0           0
  0.25532754   58.467022           0           0
  0.26152761   57.652523           0           0
  0.26772726   56.805786           0           0
  0.27392732    55.99164           0           0
  0.28012738   55.240135           0           0
  0.28632744    54.55348           0           0
   0.2925271   53.913703           0           0
  0.29872716   53.297564           0           0
  0.30492722   52.689577           0           0
  0.31112687   52.076019           0           0
  0.31732694   51.443457           0           0
    0.323527   50.785249           0           0
  0.32972706   50.106202           0           0
  0.33592712   49.414175           0           0
  0.34212677   48.717722           0           0
  0.34832684   48.024951           0           0
   0.3545269   47.339976           0           0
  0.36072696   46.663138           0           0
  0.36692661   45.993785           0           0
  0.37312667   45.330874           0           0
  0.37932674   44.671972           0           0
  0.38552639   44.015693           0           0
  0.39172645   43.360771           0           0
  0.39792651   42.705763           0           0
  0.40412657   42.049855           0           0
  0.41032623   41.391846           0           0
  0.41652792   40.729625           0           0
  0.42272554    40.06134           0           0
  0.42892723     39.3855           0           0
  0.43512484   38.701397           0           0
  0.44132654   38.009189           0           0
  0.44752415   37.310913           0           0
  0.45372584   36.609269           0           0
  0.45992753   35.907197           0           0
  0.46612515   35.207941           0           0
  0.47232684   34.514414           0           0
  0.47852446   33.829872           0           0
  0.48472615   33.156227           0           0
  0.49092784   32.494212           0           0
  0.49712546   31.844056           0           0
  0.50332715   31.206077           0           0
  0.50952477   30.580522           0           0
  0.51572646   29.967721           0           0
  0.52192407   29.367926           0           0
  0.52812577   28.781579           0           0
  0.53432746   28.209135           0           0
  0.54052507   27.650552           0           0
  0.54672677   27.105577           0           0
  0.55292438   26.574176           0           0
  0.55912607   26.055703           0           0
  0.56532369   25.549625           0           0
  0.57152538   25.055202           0           0
  0.57772707   24.571704           0           0
  0.58392469   24.098102           0           0
  0.59012638   23.633863           0           0
    0.596324   23.178067           0           0
  0.60252569   22.729783           0           0
   0.6087233   22.288496           0           0
    0.614925   21.853379           0           0
  0.62112669   21.423818           0           0
   0.6273243   20.999297           0           0
    0.633526   20.579096           0           0
  0.63972361   20.163005           0           0
   0.6459253    19.75121           0           0
  0.65212292   19.343502           0           0
  0.65832461   18.939969           0           0
   0.6645263   18.540602           0           0
  0.67072392   18.145594           0           0
  0.67692561   17.754933           0           0
  0.68312323   17.368916           0           0
  0.68932492   16.987631           0           0
  0.69552254   16.611175           0           0
  0.70172423   16.239838           0           0
  0.70792592   15.873717           0           0
  0.71412353   15.513005           0           0
  0.72032523   15.157796           0           0
  0.72652284   14.808387           0           0
  0.73272453   14.464971           0           0
  0.73892215   14.127744           0           0
  0.74512384   13.796802           0           0
  0.75132553    13.47234           0           0
  0.75752315   13.154556           0           0
  0.76372484   12.843344           0           0
  0.76992246   12.539001           0           0
  0.77612415   12.241423           0           0
  0.78232177   11.950708           0           0
  0.78852346   11.666852           0           0
  0.79472515   11.389851           0           0
  0.80092277   11.119804           0           0
  0.80712446   10.856607           0           0
  0.81332207   10.600258           0           0
  0.81952376   10.350954           0           0
  0.82572546   10.108592           0           0
  0.83192307   9.8730421           0           0
  0.83812476   9.6443101           0           0
  0.84432238   9.4221345           0           0
  0.85052407   9.2063028           0           0
  0.85672169   8.9965834           0           0
  0.86292338    8.792754           0           0
  0.86912507   8.5945729           0           0
  0.87532269   8.4018288           0           0
  0.88152438   8.2142797           0           0
    0.887722   8.0317043           0           0
  0.89392369   7.8538711           0           0
   0.9001213   7.6805589           0           0
    0.906323   7.5115264           0           0
  0.91252469   7.3465823           0           0
   0.9187223    7.185576           0           0
  0.92492399   7.0283761           0           0
  0.93112161    6.874872           0           0
   0.9373233   6.7249727           0           0
  0.94352092   6.5785877           0           0
  0.94972261    6.435606           0           0
   0.9559243   6.2959671           0           0
  0.96212192   6.1596203           0           0
  0.96832361    6.026495           0           0
  0.97452123   5.8965307           0           0
  0.98072292   5.7696667           0           0
  0.98692053   5.6458528           0           0
  0.99312223   5.5250182           0           0
  0.99932392   5.4071026           0           0
   1.0055215   5.2920456           0           0
   1.0117232   5.1797866           0           0
   1.0179208   5.0702654           0           0
   1.0241225   4.9634215           0           0
   1.0303201   4.8591947           0           0
   1.0365218   4.7575145           0           0
   1.0427235   4.6583405           0           0
   1.0489211   4.5616127           0           0
   1.0551228   4.4672906           0           0
   1.0613205    4.375304           0           0
   1.0675221   4.2856225           0           0
   1.0737198   4.1981661           0           0
   1.0799215   4.1128843           0           0
   1.0861231    4.029697           0           0
   1.0923208    3.948554           0           0
   1.0985225   3.8693651           0           0
   1.1047201     3.79207           0           0
   1.1109218   3.7165985           0           0
   1.1171194   3.6428805           0           0
   1.1233211   3.5708458           0           0
   1.1295228   3.5004342           0           0
   1.1357204   3.4315856           0           0
   1.1419221   3.3642499           0           0
   1.1481197   3.2983869           0           0
   1.1543214   3.2339164           0           0
   1.1605231   3.1708284           0           0
   1.1667207   3.1090827           0           0
   1.1729224   3.0486593           0           0
     1.17912   2.9895281           0           0
   1.1853217   2.9316589           0           0
   1.1915193   2.8750317           0           0
    1.197721   2.8196264           0           0
   1.2039227   2.7654129           0           0
   1.2101203   2.7123611           0           0
    1.216322    2.660451           0           0
   1.2225196   2.6096525           0           0
   1.2287213   2.5599555           0           0
   1.2349189     2.51134           0           0
   1.2411206   2.4637759           0           0
   1.2473223   2.4172631           0           0
   1.2535199   2.3717816           0           0
   1.2597216   2.3273113           0           0
   1.2659192   2.2838222           0           0
   1.2721209   2.2413043           0           0
   1.2783185   2.1997174           0           0
   1.2845202   2.1590316           0           0
   1.2907219   2.1192368           0           0
   1.2969195   2.0803029           0           0
   1.3031212   2.0421999           0           0
   1.3093188   2.0049078           0           0
   1.3155205   1.9683966           0           0
   1.3217181   1.9326461           0           0
   1.3279198   1.8976264           0           0
   1.3341215   1.8633074           0           0
   1.3403191   1.8296791           0           0
   1.3465208   1.7967015           0           0
   1.3527185   1.7643545           0           0
   1.3589201   1.7326181           0           0
   1.3651178   1.7014823           0           0
   1.3713195   1.6709271           0           0
   1.3775211   1.6409424           0           0
   1.3837188   1.6115182           0           0
   1.3899205   1.5826546           0           0
   1.3961181   1.5543314           0           0
   1.4023198   1.5265387           0           0
   1.4085174   1.4992764           0           0
   1.4147191   1.4725245           0           0
   1.4209208   1.4462831           0           0
   1.4271184   1.4205521           0           0
   1.4333201   1.3953115           0           0
   1.4395177   1.3705712           0           0
   1.4457194   1.3463213           0           0
    1.451917   1.3225617           0           0
   1.4581187   1.2992725           0           0
   1.4643204   1.2764636           0           0
    1.470518   1.2541251           0           0
   1.4767197   1.2322468           0           0
   1.4829173   1.2108288           0           0
    1.489119   1.1898711           0           0
   1.4953207   1.1693637           0           0
   1.5015183   1.1493065           0           0
     1.50772   1.1296896           0           0
   1.5139176   1.1105229           0           0
   1.5201193   1.0917865           0           0
   1.5263169   1.0734803           0           0
   1.5325186   1.0556143           0           0
   1.5387203   1.0381686           0           0
   1.5449179    1.021133           0           0
   1.5511196   1.0045277           0           0
   1.5573172  0.98832951           0           0
   1.5635189  0.97254053           0           0
   1.5697165  0.95715474           0           0
   1.5759182  0.94216112           0           0
   1.5821199  0.92755366           0           0
   1.5883175  0.91332337           0           0
   1.5945192  0.89946023           0           0
   1.6007168  0.88594923           0           0
   1.6069185  0.87277438           0           0
   1.6131161  0.85991666           0           0
   1.6193178  0.84736006           0           0
   1.6255195  0.83508658           0           0
   1.6317171  0.82308122           0           0
   1.6379188  0.81132897           0           0
   1.6441165  0.79981582           0           0
   1.6503181  0.78852678           0           0
   1.6565158  0.77744882           0           0
   1.6627175  0.76656996           0           0
   1.6689191  0.75587518           0           0
   1.6751168  0.74535148           0           0
   1.6813185  0.73498686           0           0
   1.6875161  0.72476631           0           0
   1.6937178  0.71467884           0           0
   1.6999154  0.70471143           0           0
   1.7061171  0.69485208           0           0
   1.7123188   0.6850888           0           0
   1.7185164  0.67541057           0           0
   1.7247181   0.6658044           0           0
   1.7309157  0.65626228           0           0
   1.7371174  0.64678221           0           0
    1.743315  0.63736419           0           0
   1.7495167  0.62801322           0           0
   1.7557184   0.6187323           0           0
    1.761916  0.60952642           0           0
   1.7681177  0.60039959           0           0
   1.7743153  0.59135681           0           0
    1.780517  0.58240207           0           0
   1.7867146  0.57353938           0           0
   1.7929163  0.56477373           0           0
    1.799118  0.55610813           0           0
   1.8053156  0.54754857           0           0
   1.8115173  0.53909905           0           0
   1.8177149  0.53076357           0           0
   1.8239166  0.52254514           0           0
   1.8301183  0.51445074           0           0
   1.8363159  0.50648338           0           0
   1.8425176  0.49864707           0           0
   1.8487152  0.49094679           0           0
   1.8549169  0.48338555           0           0
   1.8611145  0.47597035           0           0
   1.8673162  0.46870218           0           0
   1.8735179  0.46158705           0           0
   1.8797155  0.45462396           0           0
   1.8859172   0.4478119           0           0
   1.8921148  0.44114887           0           0
   1.8983165  0.43463588           0           0
   1.9045141  0.42826891           0           0
   1.9107158  0.42204898           0           0
   1.9169175  0.41597408           0           0
   1.9231151  0.41004221           0           0
   1.9293168  0.40425336           0           0
   1.9355145  0.39860654           0           0
   1.9417161  0.39309775           0           0
   1.9479138  0.38772298           0           0
   1.9541155  0.38248024           0           0
   1.9603171  0.37736452           0           0
   1.9665148  0.37237083           0           0
   1.9727165  0.36749615           0           0
   1.9789141   0.3627365           0           0
   1.9851158  0.35808786           0           0
   1.9913134  0.35354625           0           0
   1.9975151  0.34910865           0           0
   2.0037168  0.34477107           0           0
   2.0099144  0.34052951           0           0
   2.0161161  0.33638097           0           0
   2.0223137  0.33232244           0           0
   2.0285154  0.32834792           0           0
    2.034713  0.32445742           0           0
   2.0409147  0.32064694           0           0
   2.0471164  0.31691247           0           0
    2.053314  0.31325201           0           0
   2.0595157  0.30966256           0           0
   2.0657133  0.30614113           0           0
    2.071915   0.3026857           0           0
   2.0781126  0.29929129           0           0
   2.0843143  0.29595689           0           0
    2.090516   0.2926795           0           0
   2.0967136  0.28945412           0           0
   2.1029153  0.28628075           0           0
   2.1091129  0.28315439           0           0
   2.1153146  0.28007303           0           0
   2.1215122  0.27703369           0           0
   2.1277139  0.27403335           0           0
   2.1339156  0.27106902           0           0
   2.1401132   0.2681387           0           0
   2.1463149  0.26524039           0           0
   2.1525125  0.26237008           0           0
   2.1587142  0.25952678           0           0
   2.1649159  0.25670948           0           0
   2.1711135  0.25391619           0           0
   2.1773152  0.25114691           0           0
   2.1835128  0.24840063           0           0
   2.1897145  0.24567636           0           0
   2.1959121   0.2429721           0           0
   2.2021138  0.24028784           0           0
   2.2083155  0.23762358           0           0
   2.2145131  0.23498033           0           0
   2.2207148  0.23235809           0           0
   2.2269125  0.22975685           0           0
   2.2331141  0.22717861           0           0
   2.2393118  0.22462138           0           0
   2.2455135  0.22208715           0           0
   2.2517151  0.21957693           0           0
   2.2579128  0.21708972           0           0
   2.2641145  0.21462651           0           0
   2.2703121   0.2121873           0           0
   2.2765138   0.2097731           0           0
   2.2827114   0.2073839           0           0
   2.2889131   0.2050207           0           0
   2.2951148  0.20268251           0           0
   2.3013124  0.20037133           0           0
   2.3075141  0.19808715           0           0
   2.3137117  0.19582997           0           0
   2.3199134   0.1935998           0           0
    2.326111  0.19139863           0           0
   2.3323127  0.18922546           0           0
   2.3385144   0.1870813           0           0
    2.344712  0.18496614           0           0
   2.3509137  0.18288099           0           0
   2.3571113  0.18082583           0           0
    2.363313  0.17880269           0           0
   2.3695106  0.17680954           0           0
   2.3757123   0.1748504           0           0
    2.381914  0.17292226           0           0
   2.3881116  0.17102813           0           0
   2.3943133    0.169166           0           0
   2.4005109  0.16733587           0           0
   2.4067126  0.16553675           0           0
   2.4129102  0.16376863           0           0
   2.4191119  0.16203051           0           0
   2.4253136  0.16032239           0           0
   2.4315112  0.15864228           0           0
   2.4377129  0.15699017           0           0
   2.4439105  0.15536606           0           0
   2.4501122  0.15376896           0           0
   2.4563098  0.15219885           0           0
   2.4625115  0.15065375           0           0
   2.4687132  0.14913366           0           0
   2.4749108  0.14763856           0           0
   2.4811125  0.14616747           0           0
   2.4873101  0.14472038           0           0
   2.4935118  0.14329529           0           0
   2.4997135   0.1418932           0           0
   2.5059111  0.14051211           0           0
   2.5121128  0.13915303           0           0
   2.5183105  0.13781295           0           0
   2.5245121  0.13649387           0           0
   2.5307098  0.13519379           0           0
   2.5369114  0.13391372           0           0
   2.5431131  0.13264964           0           0
   2.5493108  0.13140457           0           0
   2.5555124   0.1301755           0           0
   2.5617101  0.12896343           0           0
   2.5679118  0.12776736           0           0
   2.5741094  0.12658629           0           0
   2.5803111  0.12541923           0           0
   2.5865128  0.12426616           0           0
   2.5927104   0.1231281           0           0
   2.5989121  0.12200304           0           0
   2.6051097  0.12089098           0           0
   2.6113114  0.11979192           0           0
    2.617509  0.11870686           0           0
   2.6237107   0.1176338           0           0
   2.6299124  0.11657274           0           0
     2.63611  0.11552569           0           0
   2.6423117  0.11448964           0           0
   2.6485093  0.11346558           0           0
    2.654711  0.11245253           0           0
   2.6609086  0.11145148           0           0
   2.6671103  0.11046143           0           0
    2.673312  0.10948338           0           0
   2.6795096  0.10851533           0           0
   2.6857113  0.10755829           0           0
   2.6919089  0.10661124           0           0
   2.6981106   0.1056752           0           0
   2.7043082  0.10475015           0           0
   2.7105099  0.10383411           0           0
   2.7167116  0.10292906           0           0
   2.7229092  0.10203302           0           0
   2.7291109  0.10114698           0           0
   2.7353085  0.10027094           0           0
   2.7415102 0.099404902           0           0
   2.7477078 0.098546863           0           0
   2.7539095 0.097698825           0           0
   2.7601112 0.096859787           0           0
   2.7663088 0.096029751           0           0
   2.7725105 0.095208515           0           0
   2.7787081 0.094395879           0           0
   2.7849098 0.093591845           0           0
   2.7911074  0.09279661           0           0
   2.7973091 0.092009577           0           0
   2.8035108 0.091230744           0           0
   2.8097084 0.090460312           0           0
   2.8159101  0.08969788           0           0
   2.8221078 0.088943849           0           0
   2.8283094 0.088197418           0           0
   2.8345111 0.087458588           0           0
   2.8407088 0.086727559           0           0
   2.8469104  0.08600373           0           0
   2.8531081 0.085287302           0           0
   2.8593098 0.084578274           0           0
   2.8655074 0.083876046           0           0
   2.8717091 0.083180819           0           0
   2.8779108 0.082492393           0           0
   2.8841084 0.081810767           0           0
   2.8903101 0.081135741           0           0
   2.8965077 0.080466916           0           0
   2.9027094 0.079804492           0           0
    2.908907 0.079148267           0           0
   2.9151087 0.078498444           0           0
   2.9213104  0.07785402           0           0
    2.927508 0.077215597           0           0
   2.9337097 0.076582574           0           0
   2.9399073 0.075955552           0           0
    2.946109  0.07533393           0           0
   2.9523066 0.074717709           0           0
   2.9585083 0.074106688           0           0
     2.96471 0.073500667           0           0
   2.9709076 0.072899646           0           0
   2.9771093 0.072303626           0           0
   2.9833069 0.071712806           0           0
   2.9895086 0.071126787           0           0
   2.9957062 0.070545368           0           0
   3.0019079 0.069968749           0           0
   3.0081096  0.06939713           0           0
   3.0143072 0.068829912           0           0
   3.0205089 0.068267494           0           0
   3.0267065 0.067709477           0           0
   3.0329082 0.067155459           0           0
   3.0391058 0.066606842           0           0
   3.0453075 0.066062225           0           0
   3.0515092 0.065522209           0           0
   3.0577068 0.064986593           0           0
   3.0639085 0.064455177           0           0
   3.0701061 0.063928561           0           0
   3.0763078 0.063406145           0           0
   3.0825054  0.06288873           0           0
   3.0887071 0.062375315           0           0
   3.0949088   0.0618665           0           0
   3.1011064 0.061362086           0           0
   3.1073081 0.060861872           0           0
   3.1135058 0.060366858           0           0
   3.1197074 0.059875844           0           0
   3.1259091  0.05938943           0           0
   3.1321068 0.058907617           0           0
   3.1383084 0.058429804           0           0
   3.1445061 0.057957191           0           0
   3.1507078 0.057488578           0           0
   3.1569054 0.057024566           0           0
   3.1631071 0.056564953           0           0
   3.1693088 0.056110141           0           0
   3.1755064 0.055659529           0           0
   3.1817081 0.055213318           0           0
   3.1879057 0.054771706           0           0
   3.1941074 0.054334895           0           0
    3.200305 0.053902684           0           0
   3.2065067 0.053474273           0           0
   3.2127084 0.053050862           0           0
    3.218906 0.052631852           0           0
   3.2251077 0.052217641           0           0
   3.2313053 0.051807631           0           0
    3.237507 0.051402021           0           0
   3.2437046 0.051001011           0           0
   3.2499063 0.050604602           0           0
    3.256108 0.050212592           0           0
   3.2623056 0.049825183           0           0
   3.2685073 0.049442374           0           0
   3.2747049 0.049063764           0           0
   3.2809066 0.048689956           0           0
   3.2871042 0.048320947           0           0
   3.2933059 0.047956338           0           0
   3.2995076  0.04759633           0           0
   3.3057052 0.047240522           0           0
   3.3119069 0.046889514           0           0
   3.3181045 0.046542706           0           0
   3.3243062 0.046199898           0           0
   3.3305038  0.04586149           0           0
   3.3367055 0.045527482           0           0
   3.3429072 0.045197075           0           0
   3.3491048 0.044871268           0           0
   3.3553065 0.044549061           0           0
   3.3615041 0.044230853           0           0
   3.3677058 0.043916447           0           0
   3.3739034  0.04360604           0           0
   3.3801051 0.043298833           0           0
   3.3863068 0.042996026           0           0
   3.3925044  0.04269622           0           0
   3.3987061 0.042400214           0           0
   3.4049038 0.042107607           0           0
   3.4111054 0.041818201           0           0
   3.4173031 0.041532395           0           0
   3.4235048 0.041249589           0           0
   3.4297064 0.040970183           0           0
   3.4359041 0.040693977           0           0
   3.4421058 0.040420572           0           0
   3.4483034 0.040150566           0           0
   3.4545051 0.039882961           0           0
   3.4607068 0.039618755           0           0
   3.4669044  0.03935715           0           0
   3.4731061 0.039098145           0           0
   3.4793037 0.038841739           0           0
   3.4855054 0.038588534           0           0
    3.491703 0.038337329           0           0
   3.4979047 0.038089124           0           0
   3.5041064  0.03784312           0           0
    3.510304 0.037598915           0           0
   3.5165057  0.03735771           0           0
   3.5227033 0.037118905           0           0
    3.528905 0.036881701           0           0
   3.5351026 0.036646696           0           0
   3.5413043 0.036413892           0           0
    3.547506 0.036183088           0           0
   3.5537036 0.035954083           0           0
   3.5599053 0.035727279           0           0
   3.5661029 0.035502075           0           0
   3.5723046 0.035278871           0           0
   3.5785022 0.035057467           0           0
   3.5847039 0.034837263           0           0
   3.5909056 0.034619259           0           0
   3.5971032 0.034402855           0           0
   3.6033049 0.034188251           0           0
   3.6095025 0.033974847           0           0
   3.6157042 0.033763243           0           0
   3.6219018  0.03355284           0           0
   3.6281035 0.033344436           0           0
   3.6343052 0.033137432           0           0
   3.6405028 0.032931429           0           0
   3.6467045 0.032727425           0           0
   3.6529021 0.032524422           0           0
   3.6591038 0.032322618           0           0
   3.6653014 0.032122615           0           0
   3.6715031 0.031923412           0           0
   3.6777048 0.031725408           0           0
   3.6839024 0.031529205           0           0
   3.6901041 0.031334002           0           0
   3.6963018 0.031139999           0           0
   3.7025034 0.030947196           0           0
   3.7087011 0.030755593           0           0
   3.7149028  0.03056559           0           0
   3.7211044 0.030376187           0           0
   3.7273021 0.030188384           0           0
   3.7335038 0.030001381           0           0
   3.7397014 0.029815978           0           0
   3.7459031 0.029631375           0           0
   3.7521007 0.029448172           0           0
   3.7583024 0.029265969           0           0
   3.7645041 0.029084967           0           0
   3.7707017 0.028904964           0           0
   3.7769034 0.028726161           0           0
    3.783101 0.028548359           0           0
   3.7893027 0.028371756           0           0
   3.7955003 0.028196153           0           0
    3.801702 0.028021551           0           0
   3.8079037 0.027848548           0           0
   3.8141013 0.027675946           0           0
    3.820303 0.027504544           0           0
   3.8265006 0.027334141           0           0
   3.8327023 0.027164739           0           0
    3.838904 0.026996336           0           0
   3.8451016 0.026829134           0           0
   3.8513033 0.026662732           0           0
   3.8575009 0.026497529           0           0
   3.8637026 0.026333327           0           0
   3.8699002 0.026169725           0           0
   3.8761019 0.026007323           0           0
   3.8823036 0.025845921           0           0
   3.8885012 0.025685519           0           0
   3.8947029 0.025526116           0           0
   3.9009005 0.025367514           0           0
   3.9071022 0.025209912           0           0
   3.9132998  0.02505331           0           0
   3.9195015 0.024897508           0           0
   3.9257032 0.024742906           0           0
   3.9319008 0.024589104           0           0
   3.9381025 0.024435902           0           0
   3.9443001 0.024283901           0           0
   3.9505018 0.024132699           0           0
   3.9566994 0.023982097           0           0
   3.9629011 0.023832895           0           0
   3.9691028 0.023684093           0           0
   3.9753004 0.023536691           0           0
   3.9815021  0.02338969           0           0
   3.9876998 0.023243888           0           0
   3.9939014 0.023098486           0           0
   4.0000991 0.022954084           0           0
   4.0063008 0.022810883           0           0
   4.0125024 0.022668281           0           0
   4.0187001 0.022526279           0           0
   4.0249018 0.022385278           0           0
   4.0310994 0.022244876           0           0
   4.0373011 0.022105475           0           0
   4.0434987 0.021966873           0           0
   4.0497004 0.021828871           0           0
   4.0559021  0.02169167           0           0
   4.0620997 0.021555068           0           0
   4.0683014 0.021419667           0           0
    4.074499 0.021284465           0           0
   4.0806884 0.021150464           0           0
    4.086882 0.021017063           0           0
   4.0931163 0.020884461           0           0
   4.0993098  0.02075246           0           0
   4.1055034 0.020621258           0           0
   4.1116969 0.020490657           0           0
   4.1178904 0.020360656           0           0
    4.124084 0.020231854           0           0
   4.1303183 0.020103453           0           0
   4.1365118 0.019975652           0           0
   4.1427054  0.01984845           0           0
   4.1488989 0.019722249           0           0
   4.1550924 0.019596648           0           0
    4.161286 0.019471647           0           0
   4.1674795 0.019347645           0           0
   4.1737138 0.019223844           0           0
   4.1799074 0.019101243           0           0
   4.1861009 0.018979242           0           0
   4.1922944 0.018857641           0           0
    4.198488 0.018736839           0           0
   4.2046815 0.018616638           0           0
   4.2109158 0.018497637           0           0
   4.2171094 0.018378836           0           0
   4.2233029 0.018260635           0           0
   4.2294964 0.018143434           0           0
     4.23569 0.018026833           0           0
   4.2418835 0.017910832           0           0
   4.2481178 0.017795631           0           0
   4.2543114  0.01768143           0           0
   4.2605049 0.017567628           0           0
   4.2666984 0.017454427           0           0
    4.272892 0.017342226           0           0
   4.2790855 0.017230625           0           0
   4.2852791 0.017119624           0           0
   4.2915134 0.017009423           0           0
   4.2977069 0.016899823           0           0
   4.3039004 0.016790822           0           0
    4.310094 0.016683221           0           0
   4.3162875  0.01657562           0           0
   4.3224811 0.016469219           0           0
   4.3287154 0.016363418           0           0
   4.3349089 0.016258217           0           0
   4.3411024 0.016154016           0           0
    4.347296 0.016050615           0           0
   4.3534895 0.015947614           0           0
   4.3596831 0.015845614           0           0
   4.3659174 0.015743813           0           0
   4.3721109 0.015643412           0           0
   4.3783044 0.015543611           0           0
    4.384498  0.01544481           0           0
   4.3906915 0.015346209           0           0
   4.3968851 0.015249009           0           0
   4.4030786 0.015152008           0           0
   4.4093129 0.015056007           0           0
   4.4155064 0.014960606           0           0
      4.4217 0.014866406           0           0
   4.4278935 0.014772805           0           0
   4.4340871 0.014679804           0           0
   4.4402806 0.014588003           0           0
   4.4465149 0.014496803           0           0
   4.4527084 0.014406002           0           0
    4.458902 0.014316201           0           0
   4.4650955 0.014227601           0           0
   4.4712891   0.0141394           0           0
   4.4774826 0.014052399           0           0
   4.4837169 0.013965599           0           0
   4.4899104 0.013880198           0           0
    4.496104 0.013795397           0           0
   4.5022975 0.013711197           0           0
   4.5084911 0.013627996           0           0
   4.5146846 0.013545796           0           0
   4.5208781 0.013464195           0           0
   4.5271124 0.013383594           0           0
    4.533306 0.013303194           0           0
   4.5394995 0.013224793           0           0
   4.5456931 0.013146393           0           0
   4.5518866 0.013068592           0           0
   4.5580801 0.012992192           0           0
   4.5643144 0.012916391           0           0
    4.570508  0.01284159           0           0
   4.5767015  0.01276739           0           0
   4.5828951 0.012693789           0           0
   4.5890886 0.012621589           0           0
   4.5952821 0.012549788           0           0
   4.6015164 0.012478988           0           0
     4.60771 0.012408787           0           0
   4.6139035 0.012339187           0           0
   4.6200971 0.012270586           0           0
   4.6262906 0.012202586           0           0
   4.6324841 0.012135785           0           0
   4.6386777 0.012069185           0           0
    4.644912 0.012003585           0           0
   4.6511055 0.011938584           0           0
   4.6572991 0.011874584           0           0
   4.6634926 0.011811383           0           0
   4.6696861 0.011748383           0           0
   4.6758797 0.011686382           0           0
    4.682114 0.011625382           0           0
   4.6883075 0.011564582           0           0
   4.6945011 0.011504781           0           0
   4.7006946 0.011445381           0           0
   4.7068881  0.01138718           0           0
   4.7130817  0.01132918           0           0
    4.719316  0.01127198           0           0
   4.7255095 0.011215579           0           0
   4.7317031 0.011159779           0           0
   4.7378966 0.011104378           0           0
   4.7440901 0.011049778           0           0
   4.7502837 0.010995978           0           0
   4.7564772 0.010942577           0           0
   4.7627115 0.010889777           0           0
   4.7689051 0.010837777           0           0
   4.7750986 0.010786576           0           0
   4.7812921 0.010735576           0           0
   4.7874857 0.010685576           0           0
   4.7936792 0.010635975           0           0
   4.7999135 0.010586975           0           0
    4.806107 0.010538375           0           0
   4.8123006 0.010490774           0           0
   4.8184941 0.010443374           0           0
   4.8246877 0.010396774           0           0
   4.8308812 0.010350373           0           0
   4.8370748 0.010304973           0           0
    4.843309 0.010259773           0           0
   4.8495026 0.010215373           0           0
   4.8556961 0.010171572           0           0
   4.8618897 0.010128372           0           0
   4.8680832 0.010085572           0           0
   4.8742768 0.010042971           0           0
    4.880511 0.010001171           0           0
   4.8867046 0.0099599709           0           0
   4.8928981 0.0099193706           0           0
   4.8990917 0.0098791704           0           0
   4.9052852 0.0098391701           0           0
   4.9114788 0.0097999698           0           0
    4.917713 0.0097611696           0           0
   4.9239066 0.0097227693           0           0
   4.9301001 0.0096851691           0           0
   4.9362937 0.0096477689           0           0
   4.9424872 0.0096107686           0           0
   4.9486808 0.0095745684           0           0
   4.9548743 0.0095383682           0           0
   4.9611086 0.0095027679           0           0
   4.9673021 0.0094675677           0           0
   4.9734957 0.0094323675           0           0
   4.9796892 0.0093983673           0           0
   4.9858828 0.009363967           0           0
   4.9920763 0.0093299668           0           0
   4.9983106 0.0092965666           0           0
