 0.063679798   21.159889           0           0
 0.069720539   21.096703           0           0
 0.075761687   20.797958           0           0
 0.081802835   20.679292           0           0
 0.087843576    20.41748           0           0
 0.093884724   20.226442           0           0
 0.099925872   20.306669           0           0
  0.10596661   20.460926           0           0
  0.11200776   20.499127           0           0
   0.1180485   20.758947           0           0
  0.12408965   21.338118           0           0
   0.1301308      21.859           0           0
  0.13617154   21.764564           0           0
  0.14221269   20.896412           0           0
  0.14825384   19.822927           0           0
  0.15429458   19.076915           0           0
  0.16033572   18.770705           0           0
  0.16637687   18.772612           0           0
  0.17241761   19.147919           0           0
  0.17845876   19.782448           0           0
  0.18449991   20.361595           0           0
  0.19054065   20.663858           0           0
   0.1965818   20.620879           0           0
  0.20262295   20.331191           0           0
  0.20866369   19.908533           0           0
  0.21470484   19.441868           0           0
  0.22074558   19.015395           0           0
  0.22678672   18.696998           0           0
  0.23282787   18.503793           0           0
  0.23886861   18.432329           0           0
  0.24490976   18.455016           0           0
  0.25095091   18.530179           0           0
  0.25699165   18.610963           0           0
   0.2630328   18.655985           0           0
  0.26907395   18.647204           0           0
  0.27511469   18.589108           0           0
  0.28115584   18.489033           0           0
  0.28719658   18.354511           0           0
  0.29323773   18.193269           0           0
  0.29927887   18.015798           0           0
  0.30531961   17.836684           0           0
  0.31136076   17.667039           0           0
  0.31740191    17.51257           0           0
  0.32344265   17.375644           0           0
   0.3294838   17.258165           0           0
  0.33552454   17.159238           0           0
  0.34156569   17.075795           0           0
  0.34760684   17.003424           0           0
  0.35364758    16.93872           0           0
  0.35968873   16.878677           0           0
  0.36572987   16.817638           0           0
  0.37177061   16.746383           0           0
  0.37781176   16.652954           0           0
  0.38385291    16.52531           0           0
  0.38989365   16.358338           0           0
   0.3959348   16.162058           0           0
  0.40197554   15.948701           0           0
  0.40801587   15.729756           0           0
  0.41405865   15.511818           0           0
  0.42009736   15.298232           0           0
  0.42614013     15.0908           0           0
  0.43217884   14.890934           0           0
  0.43822161   14.701339           0           0
  0.44426439   14.524631           0           0
   0.4503031   14.362811           0           0
  0.45634587   14.216251           0           0
  0.46238458   14.083416           0           0
  0.46842736   13.962052           0           0
  0.47446606   13.850024           0           0
  0.48050884   13.744883           0           0
  0.48655162   13.643488           0           0
  0.49259032   13.542095           0           0
   0.4986331   13.437562           0           0
   0.5046718   13.326964           0           0
  0.51071458   13.208679           0           0
  0.51675328   13.083013           0           0
  0.52279606   12.950564           0           0
  0.52883884   12.811735           0           0
  0.53487754    12.66703           0           0
  0.54092032   12.517449           0           0
  0.54695902   12.363495           0           0
   0.5530018   12.206168           0           0
   0.5590405   12.046272           0           0
  0.56508328   11.884403           0           0
  0.57112199   11.721164           0           0
  0.57716476   11.556847           0           0
  0.58320754   11.391752           0           0
  0.58924625   11.226176           0           0
  0.59528902   11.060111           0           0
  0.60132773   10.893656           0           0
   0.6073705   10.726905           0           0
  0.61340921   10.560055           0           0
  0.61945199   10.393102           0           0
  0.62549476   10.226242           0           0
  0.63153347   10.059674           0           0
  0.63757625   9.8938034           0           0
  0.64361495   9.7292315           0           0
  0.64965773   9.5664146           0           0
  0.65569643   9.4058427           0           0
  0.66173921   9.2480226           0           0
  0.66777791   9.0934237           0           0
  0.67382069   8.9424829           0           0
  0.67986347   8.7955385           0           0
  0.68590217   8.6526977           0           0
  0.69194495   8.5138454           0           0
  0.69798365    8.378849           0           0
  0.70402643   8.2474132           0           0
  0.71006513   8.1190444           0           0
  0.71610791   7.9932572           0           0
  0.72215069   7.8695783           0           0
  0.72818939   7.7474941           0           0
  0.73423217   7.6265404           0           0
  0.74027088    7.506325           0           0
  0.74631365   7.3867352           0           0
  0.75235236   7.2677703           0           0
  0.75839514   7.1493781           0           0
  0.76443384   7.0315579           0           0
  0.77047662   6.9142676           0           0
   0.7765194   6.7975265           0           0
   0.7825581   6.6813837           0           0
  0.78860088    6.565948           0           0
  0.79463958   6.4513089           0           0
  0.80068236   6.3375653           0           0
  0.80672106   6.2247966           0           0
  0.81276384   6.1130818           0           0
  0.81880662   6.0025002           0           0
  0.82484532   5.8931413           0           0
   0.8308881   5.7849939           0           0
   0.8369268   5.6780473           0           0
  0.84296958   5.5722703           0           0
  0.84900828   5.4676626           0           0
  0.85505106   5.3642029           0           0
  0.86109384   5.2618707           0           0
  0.86713254   5.1606554           0           0
  0.87317532   5.0605961           0           0
  0.87921402   4.9617527           0           0
   0.8852568   4.8642144           0           0
  0.89129551   4.7680409           0           0
  0.89733828   4.6732816           0           0
  0.90337699   4.5799963           0           0
  0.90941977   4.4882442           0           0
  0.91546254   4.3980751           0           0
  0.92150125   4.3095385           0           0
  0.92754403    4.222664           0           0
  0.93358273   4.1374913           0           0
  0.93962551   4.0540597           0           0
  0.94566421   3.9724091           0           0
  0.95170699   3.8925489           0           0
  0.95774977   3.8145289           0           0
  0.96378847   3.7383387           0           0
  0.96983125   3.6639878           0           0
  0.97586995   3.5914659           0           0
  0.98191273   3.5207226           0           0
  0.98795143   3.4517475           0           0
  0.99399421   3.3845202           0           0
   1.0000329   3.3190106           0           0
   1.0060757   3.2551881           0           0
   1.0121185   3.1930325           0           0
   1.0181572   3.1325135           0           0
      1.0242   3.0736008           0           0
   1.0302387   3.0162041           0           0
   1.0362814    2.960253           0           0
   1.0423201   2.9056773           0           0
   1.0483629   2.8524066           0           0
   1.0544057   2.8003608           0           0
   1.0604444   2.7494695           0           0
   1.0664872   2.6996525           0           0
   1.0725259   2.6508396           0           0
   1.0785687   2.6029705           0           0
   1.0846074    2.555995           0           0
   1.0906501   2.5099131           0           0
   1.0966929   2.4647146           0           0
   1.1027316   2.4203794           0           0
   1.1087744   2.3768873           0           0
   1.1148131   2.3342283           0           0
   1.1208559   2.2923921           0           0
   1.1268946   2.2513587           0           0
   1.1329374    2.211108           0           0
   1.1389761   2.1716298           0           0
   1.1450188   2.1328541           0           0
   1.1510616   2.0947206           0           0
   1.1571003   2.0571593           0           0
   1.1631431     2.02008           0           0
   1.1691818   1.9834126           0           0
   1.1752246    1.947107           0           0
   1.1812633   1.9110931           0           0
   1.1873061   1.8753107           0           0
   1.1933488   1.8396998           0           0
   1.1993875   1.8042002           0           0
   1.2054303    1.768802           0           0
    1.211469   1.7335752           0           0
   1.2175118   1.6985697           0           0
   1.2235505   1.6638456           0           0
   1.2295933   1.6294628           0           0
    1.235632   1.5955014           0           0
   1.2416748   1.5619914           0           0
   1.2477175   1.5290227           0           0
   1.2537562   1.4966354           0           0
    1.259799   1.4648994           0           0
   1.2658377   1.4338749           0           0
   1.2718805   1.4035916           0           0
   1.2779192   1.3740596           0           0
    1.283962   1.3452889           0           0
   1.2900048   1.3172794           0           0
   1.2960435   1.2900411           0           0
   1.3020863    1.263574           0           0
    1.308125   1.2378679           0           0
   1.3141677    1.212913           0           0
   1.3202064    1.188679           0           0
   1.3262492    1.165156           0           0
   1.3322879   1.1423239           0           0
   1.3383307   1.1201728           0           0
   1.3443735   1.0986624           0           0
   1.3504122   1.0777729           0           0
    1.356455   1.0574942           0           0
   1.3624937   1.0377962           0           0
   1.3685364   1.0186389           0           0
   1.3745751   1.0000122           0           0
   1.3806179  0.98189522           0           0
   1.3866607  0.96425381           0           0
   1.3926994  0.94706698           0           0
   1.3987422  0.93031068           0           0
   1.4047809   0.9139599           0           0
   1.4108237   0.8979906           0           0
   1.4168624  0.88238477           0           0
   1.4229051  0.86713238           0           0
   1.4289479  0.85222242           0           0
   1.4349866  0.83764687           0           0
   1.4410294  0.82339372           0           0
   1.4470681  0.80945494           0           0
   1.4531109  0.79581853           0           0
   1.4591496  0.78247647           0           0
   1.4651924  0.76941874           0           0
   1.4712311  0.75663434           0           0
   1.4772738  0.74411424           0           0
   1.4833166  0.73184843           0           0
   1.4893553  0.71982592           0           0
   1.4953981  0.70804167           0           0
   1.5014368  0.69649369           0           0
   1.5074796  0.68517797           0           0
   1.5135183  0.67409449           0           0
   1.5195611  0.66324126           0           0
   1.5256038  0.65261526           0           0
   1.5316425  0.64221348           0           0
   1.5376853  0.63203493           0           0
    1.543724  0.62207359           0           0
   1.5497668  0.61232845           0           0
   1.5558055  0.60279551           0           0
   1.5618483  0.59347377           0           0
    1.567887  0.58435821           0           0
   1.5739298  0.57544683           0           0
   1.5799725  0.56672962           0           0
   1.5860113  0.55819458           0           0
    1.592054  0.54982869           0           0
   1.5980927  0.54161994           0           0
   1.6041355  0.53355734           0           0
   1.6101742  0.52562887           0           0
    1.616217  0.51782053           0           0
   1.6222598   0.5101243           0           0
   1.6282985  0.50252518           0           0
   1.6343413  0.49501317           0           0
     1.64038  0.48757526           0           0
   1.6464227  0.48020045           0           0
   1.6524614  0.47287672           0           0
   1.6585042  0.46559207           0           0
    1.664547   0.4583395           0           0
   1.6705857  0.45112401           0           0
   1.6766285   0.4439516           0           0
   1.6826672  0.43682827           0           0
     1.68871  0.42976202           0           0
   1.6947487  0.42275884           0           0
   1.7007914  0.41582474           0           0
   1.7068301  0.40896672           0           0
   1.7128729  0.40219178           0           0
   1.7189157  0.39550692           0           0
   1.7249544  0.38891713           0           0
   1.7309972  0.38242942           0           0
   1.7370359  0.37605079           0           0
   1.7430787  0.36978824           0           0
   1.7491174  0.36364776           0           0
   1.7551601  0.35763536           0           0
   1.7612029  0.35175304           0           0
   1.7672416  0.34600179           0           0
   1.7732844  0.34037961           0           0
   1.7793231   0.3348875           0           0
   1.7853659  0.32952645           0           0
   1.7914046  0.32429448           0           0
   1.7974474  0.31919356           0           0
   1.8034861  0.31422071           0           0
   1.8095288  0.30937593           0           0
   1.8155716   0.3046552           0           0
   1.8216103  0.30005752           0           0
   1.8276531  0.29557791           0           0
   1.8336918  0.29121434           0           0
   1.8397346  0.28696383           0           0
   1.8457733  0.28282436           0           0
   1.8518161  0.27879295           0           0
   1.8578588  0.27486457           0           0
   1.8638975  0.27103825           0           0
   1.8699403  0.26730796           0           0
    1.875979  0.26367171           0           0
   1.8820218  0.26012551           0           0
   1.8880605  0.25666634           0           0
   1.8941033   0.2532902           0           0
   1.9001461   0.2499931           0           0
   1.9061848  0.24677303           0           0
   1.9122276    0.243625           0           0
   1.9182663  0.24054699           0           0
    1.924309  0.23753401           0           0
   1.9303477  0.23458306           0           0
   1.9363905  0.23169114           0           0
   1.9424292  0.22885524           0           0
    1.948472  0.22607036           0           0
   1.9545148  0.22333451           0           0
   1.9605535  0.22064468           0           0
   1.9665963  0.21799887           0           0
    1.972635  0.21539608           0           0
   1.9786777  0.21283531           0           0
   1.9847164  0.21031355           0           0
   1.9907592  0.20782982           0           0
    1.996802   0.2053841           0           0
   2.0028407  0.20297241           0           0
   2.0088835  0.20059472           0           0
   2.0149222  0.19824806           0           0
    2.020965   0.1959334           0           0
   2.0270037  0.19364677           0           0
   2.0330464  0.19138814           0           0
   2.0390851  0.18915554           0           0
   2.0451279  0.18694894           0           0
   2.0511707  0.18476636           0           0
   2.0572094  0.18260679           0           0
   2.0632522  0.18046923           0           0
   2.0692909  0.17835268           0           0
   2.0753337  0.17625715           0           0
   2.0813724  0.17418262           0           0
   2.0874151  0.17212911           0           0
   2.0934579  0.17009561           0           0
   2.0994966  0.16808311           0           0
   2.1055394  0.16609063           0           0
   2.1115781  0.16411916           0           0
   2.1176209   0.1621677           0           0
   2.1236596  0.16023625           0           0
   2.1297024   0.1583248           0           0
   2.1357411  0.15643337           0           0
   2.1417838  0.15456295           0           0
   2.1478266  0.15271253           0           0
   2.1538653  0.15088413           0           0
   2.1599081  0.14907573           0           0
   2.1659468  0.14728834           0           0
   2.1719896  0.14552196           0           0
   2.1780283  0.14377759           0           0
   2.1840711  0.14205422           0           0
   2.1901138  0.14035187           0           0
   2.1961526  0.13867052           0           0
   2.2021953  0.13701118           0           0
    2.208234  0.13537284           0           0
   2.2142768  0.13375652           0           0
   2.2203155   0.1321602           0           0
   2.2263583  0.13058589           0           0
   2.2324011  0.12903358           0           0
   2.2384398  0.12750228           0           0
   2.2444826  0.12599199           0           0
   2.2505213  0.12450371           0           0
    2.256564  0.12303743           0           0
   2.2626027  0.12159316           0           0
   2.2686455  0.12017089           0           0
   2.2746842  0.11877063           0           0
    2.280727  0.11739338           0           0
   2.2867698  0.11603713           0           0
   2.2928085  0.11470489           0           0
   2.2988513  0.11339465           0           0
     2.30489  0.11210642           0           0
   2.3109327   0.1108402           0           0
   2.3169714  0.10959598           0           0
   2.3230142  0.10837277           0           0
    2.329057  0.10717056           0           0
   2.3350957  0.10598835           0           0
   2.3411385  0.10482515           0           0
   2.3471772  0.10368296           0           0
     2.35322  0.10255877           0           0
   2.3592587  0.10145358           0           0
   2.3653014   0.1003674           0           0
   2.3713401 0.099298223           0           0
   2.3773829 0.098246049           0           0
   2.3834257  0.09721168           0           0
   2.3894644 0.096193314           0           0
   2.3955072 0.095191552           0           0
   2.4015459 0.094205194           0           0
   2.4075887 0.093234439           0           0
   2.4136274 0.092278287           0           0
   2.4196701 0.091336539           0           0
   2.4257129 0.090408994           0           0
   2.4317516 0.089495052           0           0
   2.4377944 0.088594913           0           0
   2.4438331 0.087707977           0           0
   2.4498759 0.086834844           0           0
   2.4559146 0.085974514           0           0
   2.4619574 0.085126987           0           0
   2.4680001 0.084292663           0           0
   2.4740388 0.083471341           0           0
   2.4800816 0.082662621           0           0
   2.4861203 0.081866305           0           0
   2.4921631 0.081082591           0           0
   2.4982018 0.080311079           0           0
   2.5042446 0.079551769           0           0
   2.5102833 0.078805063           0           0
   2.5163261 0.078070358           0           0
   2.5223689 0.077348256           0           0
   2.5284076 0.076638355           0           0
   2.5344503 0.075940658           0           0
    2.540489 0.075255362           0           0
   2.5465318 0.074582068           0           0
   2.5525705 0.073921377           0           0
   2.5586133 0.073272687           0           0
   2.5646561   0.0726362           0           0
   2.5706948 0.072011914           0           0
   2.5767376 0.071399231           0           0
   2.5827763 0.070798349           0           0
    2.588819 0.070208469           0           0
   2.5948577 0.069629391           0           0
   2.6009005 0.069060915           0           0
   2.6069392  0.06850324           0           0
    2.612982 0.067955367           0           0
   2.6190248 0.067417095           0           0
   2.6250635 0.066888825           0           0
   2.6311063 0.066369757           0           0
    2.637145  0.06585949           0           0
   2.6431877 0.065358224           0           0
   2.6492264 0.064865359           0           0
   2.6552692 0.064380896           0           0
    2.661312 0.063904234           0           0
   2.6673507 0.063435174           0           0
   2.6733935 0.062974115           0           0
   2.6794322 0.062519856           0           0
    2.685475 0.062072599           0           0
   2.6915137 0.061632343           0           0
   2.6975564 0.061198488           0           0
   2.7035992 0.060770834           0           0
   2.7096379 0.060349181           0           0
   2.7156807  0.05993333           0           0
   2.7217194 0.059523479           0           0
   2.7277622 0.059119229           0           0
   2.7338009 0.058719979           0           0
   2.7398437 0.058326331           0           0
   2.7458824 0.057937884           0           0
   2.7519251 0.057554437           0           0
   2.7579679 0.057175391           0           0
   2.7640066 0.056801546           0           0
   2.7700494 0.056432302           0           0
   2.7760881 0.056067459           0           0
   2.7821309 0.055706816           0           0
   2.7881696 0.055350174           0           0
   2.7942124 0.054997733           0           0
   2.8002551 0.054649092           0           0
   2.8062939 0.054304652           0           0
   2.8123366 0.053963213           0           0
   2.8183753 0.053625574           0           0
   2.8244181 0.053291136           0           0
   2.8304568 0.052959899           0           0
   2.8364996 0.052631462           0           0
   2.8425383 0.052306425           0           0
   2.8485811 0.051983589           0           0
   2.8546239 0.051663554           0           0
   2.8606626 0.051345719           0           0
   2.8667053 0.051030685           0           0
    2.872744 0.050717251           0           0
   2.8787868 0.050406218           0           0
   2.8848255 0.050096985           0           0
   2.8908683 0.049789153           0           0
   2.8969111 0.049483321           0           0
   2.9029498 0.049178489           0           0
   2.9089926 0.048874858           0           0
   2.9150313 0.048572427           0           0
    2.921074 0.048270797           0           0
   2.9271127 0.047970167           0           0
   2.9331555 0.047670137           0           0
   2.9391983 0.047370508           0           0
    2.945237 0.047071279           0           0
   2.9512798  0.04677225           0           0
   2.9573185 0.046473821           0           0
   2.9633613 0.046175593           0           0
      2.9694 0.045877366           0           0
   2.9754427 0.045579538           0           0
   2.9814814 0.045281711           0           0
   2.9875242 0.044984284           0           0
    2.993567 0.044686257           0           0
   2.9996057 0.044388431           0           0
   3.0056485 0.044090805           0           0
   3.0116872 0.043792579           0           0
     3.01773 0.043494154           0           0
   3.0237687 0.043196129           0           0
   3.0298114 0.042897303           0           0
   3.0358542 0.042598279           0           0
   3.0418929 0.042299654           0           0
   3.0479357  0.04200043           0           0
   3.0539744 0.041701806           0           0
   3.0600172 0.041402382           0           0
   3.0660559 0.041103359           0           0
   3.0720987 0.040804536           0           0
   3.0781374 0.040505713           0           0
   3.0841801  0.04020729           0           0
   3.0902229 0.039908867           0           0
   3.0962616 0.039610845           0           0
   3.1023044 0.039313423           0           0
   3.1083431 0.039016201           0           0
   3.1143859  0.03871978           0           0
   3.1204246 0.038423959           0           0
   3.1264674 0.038128738           0           0
   3.1325102 0.037834317           0           0
   3.1385489 0.037540896           0           0
   3.1445916 0.037248076           0           0
   3.1506303 0.036957056           0           0
   3.1566731 0.036666436           0           0
   3.1627118 0.036377417           0           0
   3.1687546 0.036089597           0           0
   3.1747974 0.035803178           0           0
   3.1808361  0.03551836           0           0
   3.1868789 0.035235141           0           0
   3.1929176 0.034953523           0           0
   3.1989603 0.034673305           0           0
    3.204999 0.034394687           0           0
   3.2110418 0.034117869           0           0
   3.2170805 0.033842252           0           0
   3.2231233 0.033568435           0           0
   3.2291661 0.033296218           0           0
   3.2352048 0.033025402           0           0
   3.2412476 0.032756585           0           0
   3.2472863 0.032488969           0           0
    3.253329 0.032222753           0           0
   3.2593677 0.031958737           0           0
   3.2654105 0.031695522           0           0
   3.2714533 0.031434506           0           0
    3.277492 0.031174691           0           0
   3.2835348 0.030916676           0           0
   3.2895735 0.030660462           0           0
   3.2956163 0.030405247           0           0
    3.301655 0.030152033           0           0
   3.3076977 0.029900019           0           0
   3.3137364 0.029649805           0           0
   3.3197792 0.029401191           0           0
    3.325822 0.029153977           0           0
   3.3318607 0.028908764           0           0
   3.3379035 0.028664551           0           0
   3.3439422 0.028422338           0           0
    3.349985 0.028181325           0           0
   3.3560237 0.027942112           0           0
   3.3620664   0.0277045           0           0
   3.3681092 0.027468087           0           0
   3.3741479 0.027233875           0           0
   3.3801907 0.027000463           0           0
   3.3862294 0.026769051           0           0
   3.3922722  0.02653864           0           0
   3.3983109 0.026310028           0           0
   3.4043537 0.026082817           0           0
   3.4103924 0.025856806           0           0
   3.4164352 0.025632395           0           0
   3.4224779 0.025408984           0           0
   3.4285166 0.025187373           0           0
   3.4345594 0.024966762           0           0
   3.4405981 0.024747352           0           0
   3.4466409 0.024529141           0           0
   3.4526796 0.024312531           0           0
   3.4587224 0.024096721           0           0
   3.4647652 0.023882711           0           0
   3.4708039 0.023669501           0           0
   3.4768466 0.023457292           0           0
   3.4828853 0.023246682           0           0
   3.4889281 0.023037073           0           0
   3.4949668 0.022828663           0           0
   3.5010096 0.022622054           0           0
   3.5070524 0.022416045           0           0
   3.5130911 0.022211636           0           0
   3.5191339 0.022008027           0           0
   3.5251726 0.021805619           0           0
   3.5312153  0.02160521           0           0
    3.537254 0.021405202           0           0
   3.5432968 0.021206593           0           0
   3.5493355 0.021009185           0           0
   3.5553783 0.020813177           0           0
   3.5614211 0.020617969           0           0
   3.5674598 0.020424161           0           0
   3.5735026 0.020231753           0           0
   3.5795413 0.020040345           0           0
    3.585584 0.019850538           0           0
   3.5916227  0.01966213           0           0
   3.5976655 0.019474523           0           0
   3.6037083 0.019288715           0           0
    3.609747 0.019104308           0           0
   3.6157898 0.018921301           0           0
   3.6218285 0.018739694           0           0
   3.6278713 0.018559287           0           0
     3.63391  0.01838088           0           0
   3.6399527 0.018204074           0           0
   3.6459914 0.018028267           0           0
   3.6520342 0.017854661           0           0
    3.658077 0.017682454           0           0
   3.6641157 0.017511648           0           0
   3.6701585 0.017342642           0           0
   3.6761972 0.017175635           0           0
     3.68224 0.017010029           0           0
   3.6882787 0.016846224           0           0
   3.6943214 0.016683818           0           0
   3.7003642 0.016523812           0           0
   3.7064029 0.016365206           0           0
   3.7124457 0.016208801           0           0
   3.7184844 0.016053995           0           0
   3.7245272  0.01590099           0           0
   3.7305659 0.015749985           0           0
   3.7366087  0.01560038           0           0
   3.7426515 0.015453374           0           0
   3.7486902 0.015307769           0           0
   3.7547329 0.015164565           0           0
   3.7607716  0.01502316           0           0
   3.7668144 0.014883555           0           0
   3.7728531  0.01474615           0           0
   3.7788959 0.014610346           0           0
   3.7849346 0.014476341           0           0
   3.7909774 0.014344337           0           0
   3.7970202 0.014214133           0           0
   3.8030589 0.014086128           0           0
   3.8091016 0.013959724           0           0
   3.8151403  0.01383532           0           0
   3.8211831 0.013712716           0           0
   3.8272218 0.013591912           0           0
   3.8332646 0.013472908           0           0
   3.8393074 0.013355704           0           0
   3.8453461 0.013240501           0           0
   3.8513889 0.013126697           0           0
   3.8574276 0.013015293           0           0
   3.8634703  0.01290549           0           0
    3.869509 0.012797086           0           0
   3.8755518 0.012690883           0           0
   3.8815905  0.01258608           0           0
   3.8876333 0.012483476           0           0
   3.8936761 0.012382473           0           0
   3.8997148  0.01228327           0           0
   3.9057576 0.012185667           0           0
   3.9117963 0.012089864           0           0
    3.917839 0.011995861           0           0
   3.9238777 0.011903458           0           0
   3.9299205 0.011812855           0           0
   3.9359633 0.011723852           0           0
    3.942002  0.01163685           0           0
   3.9480448 0.011551047           0           0
   3.9540835 0.011467244           0           0
   3.9601263 0.011385242           0           0
    3.966165 0.011304439           0           0
   3.9722077 0.011225637           0           0
   3.9782465 0.011148234           0           0
   3.9842892 0.011072432           0           0
    3.990332  0.01099803           0           0
   3.9963707 0.010924827           0           0
   4.0024135 0.010853425           0           0
   4.0084522 0.010783223           0           0
    4.014495 0.010713821           0           0
   4.0205337 0.010646618           0           0
   4.0265765 0.010580216           0           0
   4.0326192 0.010515014           0           0
   4.0386579 0.010450812           0           0
   4.0447007  0.01038781           0           0
   4.0507394 0.010326208           0           0
   4.0567822 0.010265407           0           0
   4.0628209 0.010205605           0           0
   4.0688637 0.010147003           0           0
   4.0749024 0.010089401           0           0
   4.0809329 0.010032199           0           0
   4.0870042 0.0099761975           0           0
   4.0930348 0.0099209958           0           0
   4.0990653 0.0098665941           0           0
   4.1050959 0.0098133925           0           0
   4.1111672 0.0097601908           0           0
   4.1171977 0.0097081892           0           0
   4.1232283 0.0096565876           0           0
   4.1292589 0.009605986           0           0
   4.1353302 0.0095555845           0           0
   4.1413607 0.009505983           0           0
   4.1473913 0.0094567815           0           0
   4.1534218  0.00940798           0           0
   4.1594931 0.0093599785           0           0
   4.1655237 0.009311977           0           0
   4.1715542 0.0092649756           0           0
   4.1775848 0.0092179742           0           0
   4.1836561 0.0091711728           0           0
   4.1896866 0.0091251714           0           0
   4.1957172 0.0090791701           0           0
   4.2017477 0.0090337687           0           0
    4.207819 0.0089883674           0           0
   4.2138496 0.0089437661           0           0
   4.2198802 0.0088993648           0           0
   4.2259107 0.0088555635           0           0
    4.231982 0.0088121622           0           0
   4.2380126 0.008769161           0           0
   4.2440431 0.0087265597           0           0
   4.2500737 0.0086843585           0           0
    4.256145 0.0086427573           0           0
   4.2621755 0.0086013561           0           0
   4.2682061 0.0085605549           0           0
   4.2742774 0.0085201538           0           0
   4.2803079 0.0084805526           0           0
   4.2863385 0.0084413515           0           0
    4.292369 0.0084023504           0           0
   4.2984403 0.0083639493           0           0
   4.3044709 0.0083263482           0           0
   4.3105015 0.0082891472           0           0
    4.316532 0.0082523461           0           0
   4.3226033 0.0082163451           0           0
   4.3286339 0.0081805441           0           0
   4.3346644 0.0081457431           0           0
    4.340695 0.0081111421           0           0
   4.3467663 0.0080771411           0           0
   4.3527968 0.0080437401           0           0
   4.3588274 0.0080111392           0           0
   4.3648579 0.0079791383           0           0
   4.3709292 0.0079473374           0           0
   4.3769598 0.0079165365           0           0
   4.3829903 0.0078863356           0           0
   4.3890209 0.0078565347           0           0
   4.3950922 0.0078277339           0           0
   4.4011228 0.007799333           0           0
   4.4071533 0.0077717322           0           0
   4.4131839 0.0077451314           0           0
   4.4192552 0.0077185306           0           0
   4.4252857 0.0076929298           0           0
   4.4313163 0.0076679291           0           0
   4.4373468 0.0076435283           0           0
   4.4434181 0.0076195276           0           0
   4.4494487 0.0075963269           0           0
   4.4554792 0.0075735261           0           0
   4.4615098 0.0075517254           0           0
   4.4675811 0.0075299248           0           0
   4.4736116 0.0075089241           0           0
   4.4796422 0.0074881234           0           0
   4.4856727 0.0074679227           0           0
    4.491744 0.0074483221           0           0
   4.4977746 0.0074289215           0           0
   4.5038052 0.0074103208           0           0
   4.5098765 0.0073915202           0           0
    4.515907 0.0073737196           0           0
   4.5219376 0.007355719           0           0
   4.5279681 0.0073385184           0           0
   4.5340394 0.0073213178           0           0
     4.54007 0.0073043172           0           0
   4.5461005 0.0072877167           0           0
   4.5521311 0.0072715161           0           0
   4.5582024 0.0072553155           0           0
   4.5642329 0.007239715           0           0
   4.5702635 0.0072243144           0           0
    4.576294 0.0072087139           0           0
   4.5823653 0.0071935134           0           0
   4.5883959 0.0071785128           0           0
   4.5944265 0.0071635123           0           0
    4.600457 0.0071489118           0           0
   4.6065283 0.0071341113           0           0
   4.6125589 0.0071195108           0           0
   4.6185894 0.0071047102           0           0
     4.62462 0.0070899097           0           0
   4.6306913 0.0070759092           0           0
   4.6367218 0.0070611087           0           0
   4.6427524 0.0070469083           0           0
   4.6487829 0.0070323078           0           0
   4.6548542 0.0070177073           0           0
   4.6608848 0.0070033068           0           0
   4.6669153 0.0069887063           0           0
   4.6729459 0.0069739058           0           0
   4.6790172 0.0069591053           0           0
   4.6850478 0.0069445049           0           0
   4.6910783 0.0069295044           0           0
   4.6971089 0.0069149039           0           0
   4.7031802 0.0068999035           0           0
   4.7092107 0.006885503           0           0
   4.7152413 0.0068709025           0           0
   4.7212718 0.0068561021           0           0
   4.7273431 0.0068413016           0           0
   4.7333737 0.0068271012           0           0
   4.7394042 0.0068121007           0           0
   4.7454755 0.0067975003           0           0
   4.7515061 0.0067832998           0           0
   4.7575366 0.0067684994           0           0
   4.7635672 0.006754099           0           0
   4.7696385 0.0067398985           0           0
   4.7756691 0.0067254981           0           0
   4.7816996 0.0067118977           0           0
   4.7877302 0.0066978973           0           0
   4.7938015 0.0066838969           0           0
    4.799832 0.0066698964           0           0
   4.8058626 0.006656296           0           0
   4.8118931 0.0066426956           0           0
   4.8179644 0.0066290952           0           0
    4.823995 0.0066160948           0           0
   4.8300255 0.0066026944           0           0
   4.8360561 0.006589694           0           0
   4.8421274 0.0065764937           0           0
   4.8481579 0.0065636933           0           0
   4.8541885 0.0065512929           0           0
    4.860219 0.0065386925           0           0
   4.8662903 0.0065264922           0           0
   4.8723209 0.0065142918           0           0
   4.8783515 0.0065024914           0           0
    4.884382 0.0064904911           0           0
   4.8904533 0.0064792907           0           0
   4.8964839 0.0064676904           0           0
   4.9025144  0.00645649           0           0
    4.908545 0.0064456897           0           0
   4.9146163 0.0064346893           0           0
   4.9206468 0.006424489           0           0
   4.9266774 0.0064140887           0           0
   4.9327079 0.0064038883           0           0
   4.9387792 0.006393888           0           0
   4.9448098 0.0063840877           0           0
   4.9508403 0.0063744874           0           0
   4.9568709 0.0063648871           0           0
   4.9629422 0.0063560868           0           0
   4.9689728 0.0063468864           0           0
   4.9750033 0.0063378861           0           0
   4.9810746 0.0063288858           0           0
   4.9871052 0.0063206855           0           0
   4.9931357 0.0063120853           0           0
   4.9991663 0.006303485           0           0
