 0.061264317   137.00993           0           0
 0.067464378   139.99225           0           0
 0.073664439   133.38751           0           0
 0.079864908   126.74257           0           0
  0.08606497   127.26298           0           0
 0.092265439   129.31672           0           0
   0.0984655    131.1896           0           0
  0.10466597   132.37247           0           0
  0.11086603   132.41367           0           0
   0.1170665    131.9703           0           0
  0.12326656   131.63009           0           0
  0.12946662   131.49763           0           0
  0.13566709   131.17595           0           0
  0.14186715   130.19906           0           0
  0.14806762    128.5596           0           0
  0.15426768   126.49213           0           0
  0.16046815   124.12018           0           0
  0.16666821   121.65031           0           0
  0.17286868   119.38112           0           0
  0.17906874   117.60158           0           0
  0.18526881   116.42585           0           0
  0.19146927   115.81502           0           0
  0.19766934   115.51222           0           0
   0.2038698   115.21657           0           0
  0.21006987   114.74841           0           0
  0.21627034     113.967           0           0
   0.2224704   112.79201           0           0
  0.22867046   111.28031           0           0
  0.23487093   109.52297           0           0
  0.24107099   107.61405           0           0
  0.24727146   105.70109           0           0
  0.25347152   104.00266           0           0
  0.25967199    102.6819           0           0
  0.26587205   101.74789           0           0
  0.27207252   101.12294           0           0
  0.27827258   100.68817           0           0
  0.28447264   100.33028           0           0
  0.29067311   99.940729           0           0
  0.29687317   99.432338           0           0
  0.30307364   98.745311           0           0
   0.3092737   97.869034           0           0
  0.31547417   96.825489           0           0
  0.32167423   95.641501           0           0
   0.3278747   94.344298           0           0
  0.33407476   92.953572           0           0
  0.34027523   91.484129           0           0
  0.34647529   89.957768           0           0
  0.35267535   88.411432           0           0
  0.35887582   86.877213           0           0
  0.36507588   85.370961           0           0
  0.37127635   83.882199           0           0
  0.37747642   82.397518           0           0
  0.38367688   80.903171           0           0
  0.38987695   79.394894           0           0
  0.39607701   77.869971           0           0
  0.40227748   76.325823           0           0
  0.40847631   74.762947           0           0
  0.41467801   73.191203           0           0
   0.4208797   71.622716           0           0
  0.42707731   70.068911           0           0
  0.43327901   68.541568           0           0
   0.4394807   67.052025           0           0
  0.44567831   65.604681           0           0
     0.45188   64.198473           0           0
  0.45807762   62.826083           0           0
  0.46427931   61.478759           0           0
    0.470481   60.148213           0           0
  0.47667862   58.827682           0           0
  0.48288031   57.515016           0           0
    0.489082   56.209207           0           0
  0.49527962   54.909359           0           0
  0.50148131   53.614558           0           0
    0.507683   52.326837           0           0
  0.51388062   51.049433           0           0
  0.52008231   49.786373           0           0
    0.526284   48.542811           0           0
  0.53248162   47.322495           0           0
  0.53868331   46.127659           0           0
    0.544885   44.960156           0           0
  0.55108262   43.821938           0           0
  0.55728431   42.714351           0           0
  0.56348193   41.636952           0           0
  0.56968362   40.588488           0           0
  0.57588531   39.567921           0           0
  0.58208293   38.573913           0           0
  0.58828462   37.605524           0           0
  0.59448631   36.660922           0           0
  0.60068392   35.737977           0           0
  0.60688562   34.834857           0           0
  0.61308731   33.949937           0           0
  0.61928492   33.081396           0           0
  0.62548662   32.227808           0           0
  0.63168831   31.388257           0           0
  0.63788592   30.562028           0           0
  0.64408761   29.748601           0           0
  0.65028523   28.947265           0           0
  0.65648692   28.158106           0           0
  0.66268861   27.381514           0           0
  0.66888623   26.618379           0           0
  0.67508792   25.869692           0           0
  0.68128961   25.136645           0           0
  0.68748723    24.42003           0           0
  0.69368892   23.721039           0           0
  0.69989061   23.040466           0           0
  0.70608823   22.378603           0           0
  0.71228992   21.735342           0           0
  0.71849161   21.110777           0           0
  0.72468923   20.504803           0           0
  0.73089092   19.917412           0           0
  0.73708854     19.3483           0           0
  0.74329023   18.797261           0           0
  0.74949192    18.26369           0           0
  0.75568954   17.746882           0           0
  0.76189123   17.246333           0           0
  0.76809292   16.761338           0           0
  0.77429053   16.291394           0           0
  0.78049223   15.835797           0           0
  0.78669392   15.394044           0           0
  0.79289153   14.965332           0           0
  0.79909323   14.549358           0           0
  0.80529492   14.145419           0           0
  0.81149253   13.753013           0           0
  0.81769422   13.371438           0           0
  0.82389592   13.000391           0           0
  0.83009353   12.639471           0           0
  0.83629522   12.288476           0           0
  0.84249284   11.947205           0           0
  0.84869453   11.615555           0           0
  0.85489622   11.293226           0           0
  0.86109384   10.980117           0           0
  0.86729553   10.675926           0           0
  0.87349722   10.380453           0           0
  0.87969484   10.093495           0           0
  0.88589653   9.8149324           0           0
  0.89209822    9.544524           0           0
  0.89829584    9.282089           0           0
  0.90449753   9.0274965           0           0
  0.91069922   8.7805757           0           0
  0.91689684   8.5411761           0           0
  0.92309853   8.3091369           0           0
  0.92929615   8.0842775           0           0
  0.93549784   7.8664073           0           0
  0.94169953   7.6553558           0           0
  0.94789715   7.4509424           0           0
  0.95409884   7.2529966           0           0
  0.96030053   7.0613381           0           0
  0.96649814   6.8757763           0           0
  0.97269984   6.6961608           0           0
  0.97890153   6.5223213           0           0
  0.98509914   6.3541074           0           0
  0.99130084   6.1913788           0           0
  0.99750253   6.0339652           0           0
   1.0037001   5.8817163           0           0
   1.0099018   5.7344918           0           0
   1.0160995   5.5921214           0           0
   1.0223011   5.4544649           0           0
   1.0285028   5.3213421           0           0
   1.0347005   5.1925927           0           0
   1.0409021   5.0680565           0           0
   1.0471038   4.9475934           0           0
   1.0533014   4.8310432           0           0
   1.0595031   4.7182756           0           0
   1.0657048   4.6091305           0           0
   1.0719024   4.5034679           0           0
   1.0781041   4.4011474           0           0
   1.0843058   4.3020391           0           0
   1.0905034   4.2060228           0           0
   1.0967051   4.1129883           0           0
   1.1029068   4.0228155           0           0
   1.1091044   3.9353945           0           0
   1.1153061    3.850615           0           0
   1.1215038    3.768347           0           0
   1.1277054   3.6884403           0           0
   1.1339071   3.6107649           0           0
   1.1401048   3.5351608           0           0
   1.1463064   3.4614678           0           0
   1.1525081   3.3895058           0           0
   1.1587058   3.3191448           0           0
   1.1649074   3.2502548           0           0
   1.1711091   3.1827356           0           0
   1.1773068   3.1164873           0           0
   1.1835084   3.0514297           0           0
   1.1897101   2.9874829           0           0
   1.1959078   2.9245568           0           0
   1.2021094   2.8625614           0           0
   1.2083071   2.8014365           0           0
   1.2145088   2.7411723           0           0
   1.2207104   2.6817886           0           0
   1.2269081   2.6233355           0           0
   1.2331098    2.565823           0           0
   1.2393114   2.5092909           0           0
   1.2455091   2.4537794           0           0
   1.2517108   2.3993083           0           0
   1.2579124   2.3459278           0           0
   1.2641101   2.2936476           0           0
   1.2703118   2.2425179           0           0
   1.2765134   2.1925787           0           0
   1.2827111   2.1438699           0           0
   1.2889127   2.0964514           0           0
   1.2951104   2.0503634           0           0
   1.3013121   2.0056557           0           0
   1.3075137   1.9623584           0           0
   1.3137114   1.9204814           0           0
   1.3199131   1.8800148           0           0
   1.3261147   1.8409585           0           0
   1.3323124   1.8032926           0           0
   1.3385141   1.7670169           0           0
   1.3447157   1.7321015           0           0
   1.3509134   1.6984963           0           0
   1.3571151   1.6661314           0           0
   1.3633167   1.6349267           0           0
   1.3695144   1.6048123           0           0
   1.3757161   1.5757081           0           0
   1.3819137    1.547554           0           0
   1.3881154   1.5202701           0           0
   1.3943171   1.4937764           0           0
   1.4005147   1.4680229           0           0
   1.4067164   1.4429095           0           0
   1.4129181   1.4183762           0           0
   1.4191157   1.3943631           0           0
   1.4253174     1.37084           0           0
   1.4315191   1.3477771           0           0
   1.4377167   1.3251643           0           0
   1.4439184   1.3029916           0           0
   1.4501201    1.281239           0           0
   1.4563177   1.2599065           0           0
   1.4625194   1.2389741           0           0
   1.4687211   1.2184518           0           0
   1.4749187   1.1983296           0           0
   1.4811204   1.1785974           0           0
    1.487318   1.1592553           0           0
   1.4935197   1.1403033           0           0
   1.4997214   1.1217314           0           0
    1.505919   1.1035396           0           0
   1.5121207   1.0857078           0           0
   1.5183224   1.0682461           0           0
     1.52452   1.0511344           0           0
   1.5307217   1.0343628           0           0
   1.5369234   1.0179313           0           0
    1.543121   1.0018198           0           0
   1.5493227  0.98603833           0           0
   1.5555244  0.97056695           0           0
    1.561722  0.95540462           0           0
   1.5679237  0.94054833           0           0
   1.5741213  0.92599109           0           0
    1.580323  0.91172989           0           0
   1.5865247  0.89775874           0           0
   1.5927223  0.88406363           0           0
    1.598924  0.87063555           0           0
   1.6051257  0.85745951           0           0
   1.6113233  0.84452551           0           0
    1.617525  0.83181854           0           0
   1.6237267   0.8193286           0           0
   1.6299243   0.8070447           0           0
    1.636126  0.79495482           0           0
   1.6423277  0.78304997           0           0
   1.6485253  0.77131715           0           0
    1.654727  0.75974735           0           0
   1.6609246  0.74833058           0           0
   1.6671263  0.73705983           0           0
    1.673328  0.72592811           0           0
   1.6795256   0.7149344           0           0
   1.6857273  0.70408272           0           0
    1.691929  0.69337806           0           0
   1.6981266  0.68282642           0           0
   1.7043283   0.6724298           0           0
     1.71053   0.6621942           0           0
   1.7167276  0.65212462           0           0
   1.7229293  0.64222405           0           0
    1.729131  0.63249851           0           0
   1.7353286  0.62295198           0           0
   1.7415303  0.61358847           0           0
    1.747732  0.60441298           0           0
   1.7539296   0.5954305           0           0
   1.7601313  0.58664604           0           0
   1.7663289   0.5780616           0           0
   1.7725306  0.56968017           0           0
   1.7787323  0.56149676           0           0
   1.7849299  0.55350636           0           0
   1.7911316  0.54570397           0           0
   1.7973333   0.5380846           0           0
   1.8035309  0.53063924           0           0
   1.8097326  0.52336289           0           0
   1.8159343  0.51624756           0           0
   1.8221319  0.50928723           0           0
   1.8283336  0.50247392           0           0
   1.8345353  0.49580062           0           0
   1.8407329  0.48925932           0           0
   1.8469346  0.48284403           0           0
   1.8531322  0.47654676           0           0
   1.8593339  0.47036149           0           0
   1.8655356  0.46428023           0           0
   1.8717332  0.45829898           0           0
   1.8779349  0.45241473           0           0
   1.8841366  0.44662349           0           0
   1.8903342  0.44092426           0           0
   1.8965359  0.43531104           0           0
   1.9027376  0.42978482           0           0
   1.9089352  0.42434061           0           0
   1.9151369   0.4189744           0           0
   1.9213386   0.4136862           0           0
   1.9275362  0.40847101           0           0
   1.9337379  0.40332682           0           0
   1.9399355  0.39825063           0           0
   1.9461372  0.39324146           0           0
   1.9523389  0.38829828           0           0
   1.9585365  0.38342011           0           0
   1.9647382  0.37860395           0           0
   1.9709399  0.37384879           0           0
   1.9771375  0.36915463           0           0
   1.9833392  0.36452048           0           0
   1.9895409  0.35994433           0           0
   1.9957385  0.35542619           0           0
   2.0019402  0.35096605           0           0
   2.0081419  0.34656091           0           0
   2.0143395  0.34221178           0           0
   2.0205412  0.33791765           0           0
   2.0267429  0.33367852           0           0
   2.0329405   0.3294914           0           0
   2.0391422  0.32535928           0           0
   2.0453398  0.32127916           0           0
   2.0515415  0.31725205           0           0
   2.0577432  0.31327994           0           0
   2.0639408  0.30936083           0           0
   2.0701425  0.30549573           0           0
   2.0763442  0.30168463           0           0
   2.0825418  0.29792853           0           0
   2.0887435  0.29422543           0           0
   2.0949452  0.29057734           0           0
   2.1011428  0.28698225           0           0
   2.1073445  0.28344016           0           0
   2.1135462  0.27995107           0           0
   2.1197438  0.27651399           0           0
   2.1259455  0.27312791           0           0
   2.1321431  0.26979283           0           0
   2.1383448  0.26650875           0           0
   2.1445465  0.26327367           0           0
   2.1507441   0.2600896           0           0
   2.1569458  0.25695353           0           0
   2.1631475  0.25386646           0           0
   2.1693451  0.25082639           0           0
   2.1755468  0.24783533           0           0
   2.1817485  0.24489026           0           0
   2.1879461   0.2419922           0           0
   2.1941478  0.23914014           0           0
   2.2003495  0.23633408           0           0
   2.2065471  0.23357202           0           0
   2.2127488  0.23085597           0           0
   2.2189464  0.22818291           0           0
   2.2251481  0.22555486           0           0
   2.2313498  0.22297081           0           0
   2.2375474  0.22042876           0           0
   2.2437491  0.21792971           0           0
   2.2499508  0.21547366           0           0
   2.2561484  0.21305861           0           0
   2.2623501  0.21068557           0           0
   2.2685518  0.20835453           0           0
   2.2747494  0.20606248           0           0
   2.2809511  0.20381144           0           0
   2.2871528   0.2015984           0           0
   2.2933504  0.19942336           0           0
   2.2995521  0.19728532           0           0
   2.3057497  0.19518428           0           0
   2.3119514  0.19311725           0           0
   2.3181531  0.19108521           0           0
   2.3243507  0.18908818           0           0
   2.3305524  0.18712314           0           0
   2.3367541  0.18519011           0           0
   2.3429517  0.18328808           0           0
   2.3491534  0.18141705           0           0
   2.3553551  0.17957502           0           0
   2.3615527  0.17776099           0           0
   2.3677544  0.17597496           0           0
   2.3739561  0.17421693           0           0
   2.3801537   0.1724849           0           0
   2.3863554  0.17077788           0           0
   2.3925571  0.16909585           0           0
   2.3987547  0.16743782           0           0
   2.4049564   0.1658038           0           0
    2.411154  0.16419177           0           0
   2.4173557  0.16260175           0           0
   2.4235574  0.16103373           0           0
    2.429755   0.1594857           0           0
   2.4359567  0.15795768           0           0
   2.4421584  0.15644966           0           0
    2.448356  0.15495864           0           0
   2.4545577  0.15348662           0           0
   2.4607594   0.1520316           0           0
    2.466957  0.15059458           0           0
   2.4731587  0.14917356           0           0
   2.4793604  0.14776954           0           0
    2.485558  0.14638152           0           0
   2.4917597   0.1450095           0           0
   2.4979573  0.14365348           0           0
    2.504159  0.14231247           0           0
   2.5103607  0.14098645           0           0
   2.5165583  0.13967443           0           0
     2.52276  0.13837742           0           0
   2.5289617   0.1370944           0           0
   2.5351593  0.13582638           0           0
    2.541361  0.13457037           0           0
   2.5475627  0.13332735           0           0
   2.5537603  0.13209834           0           0
    2.559962  0.13088232           0           0
   2.5661637  0.12967831           0           0
   2.5723613   0.1284883           0           0
    2.578563  0.12730928           0           0
   2.5847606  0.12614327           0           0
   2.5909623  0.12499026           0           0
    2.597164  0.12384924           0           0
   2.6033616  0.12272023           0           0
   2.6095633  0.12160322           0           0
    2.615765  0.12049721           0           0
   2.6219626   0.1194032           0           0
   2.6281643  0.11832118           0           0
    2.634366  0.11725017           0           0
   2.6405636  0.11619116           0           0
   2.6467653  0.11514315           0           0
    2.652967  0.11410614           0           0
   2.6591646  0.11308013           0           0
   2.6653663  0.11206512           0           0
    2.671568  0.11106011           0           0
   2.6777656   0.1100661           0           0
   2.6839673  0.10908209           0           0
   2.6901649  0.10810908           0           0
   2.6963666  0.10714507           0           0
   2.7025683  0.10619106           0           0
   2.7087659  0.10524706           0           0
   2.7149676  0.10431305           0           0
   2.7211693  0.10338804           0           0
   2.7273669  0.10247203           0           0
   2.7335686  0.10156602           0           0
   2.7397703  0.10066901           0           0
   2.7459679 0.099781006           0           0
   2.7521696 0.098901998           0           0
   2.7583713 0.098031991           0           0
   2.7645689 0.097169983           0           0
   2.7707706 0.096316976           0           0
   2.7769682 0.095473569           0           0
   2.7831699 0.094638162           0           0
   2.7893716 0.093810755           0           0
   2.7955692 0.092991949           0           0
   2.8017709 0.092181342           0           0
   2.8079726 0.091378336           0           0
   2.8141702  0.09058393           0           0
   2.8203719 0.089797123           0           0
   2.8265736 0.089018117           0           0
   2.8327712 0.088247111           0           0
   2.8389729 0.087483106           0           0
   2.8451746   0.0867273           0           0
   2.8513722 0.085978494           0           0
   2.8575739 0.085237289           0           0
   2.8637756 0.084503083           0           0
   2.8699732 0.083776078           0           0
   2.8761749 0.083055873           0           0
   2.8823726 0.082342668           0           0
   2.8885742 0.081636863           0           0
   2.8947759 0.080937258           0           0
   2.9009735 0.080244253           0           0
   2.9071752 0.079558649           0           0
   2.9133769 0.078879244           0           0
   2.9195745 0.078206439           0           0
   2.9257762 0.077540235           0           0
   2.9319779 0.076880031           0           0
   2.9381755 0.076226826           0           0
   2.9443772 0.075579222           0           0
   2.9505789 0.074938418           0           0
   2.9567765 0.074303614           0           0
   2.9629782  0.07367501           0           0
   2.9691759 0.073052206           0           0
   2.9753775 0.072435602           0           0
   2.9815792 0.071824799           0           0
   2.9877769 0.071219995           0           0
   2.9939785 0.070620791           0           0
   3.0001802 0.070027588           0           0
   3.0063779 0.069439984           0           0
   3.0125795 0.068857581           0           0
   3.0187812 0.068281177           0           0
   3.0249789 0.067710174           0           0
   3.0311805 0.067144371           0           0
   3.0373822 0.066584368           0           0
   3.0435799 0.066029565           0           0
   3.0497815 0.065480362           0           0
   3.0559792 0.064936359           0           0
   3.0621809 0.064397556           0           0
   3.0683825 0.063864153           0           0
   3.0745802  0.06333595           0           0
   3.0807819 0.062813147           0           0
   3.0869835 0.062295144           0           0
   3.0931812 0.061782942           0           0
   3.0993829 0.061274739           0           0
   3.1055845 0.060772536           0           0
   3.1117822 0.060274734           0           0
   3.1179838 0.059781931           0           0
   3.1241855 0.059293729           0           0
   3.1303832 0.058810726           0           0
   3.1365848 0.058331924           0           0
   3.1427825 0.057857722           0           0
   3.1489842 0.057388719           0           0
   3.1551858 0.056923917           0           0
   3.1613835 0.056463315           0           0
   3.1675852 0.056007713           0           0
   3.1737868 0.055555911           0           0
   3.1799845 0.055108509           0           0
   3.1861862 0.054665307           0           0
   3.1923878 0.054226305           0           0
   3.1985855 0.053791503           0           0
   3.2047872 0.053360701           0           0
   3.2109888 0.052934099           0           0
   3.2171865 0.052511297           0           0
   3.2233882 0.052092295           0           0
   3.2295898 0.051677493           0           0
   3.2357875 0.051266091           0           0
   3.2419892  0.05085909           0           0
   3.2481868 0.050455288           0           0
   3.2543885 0.050055086           0           0
   3.2605902 0.049659084           0           0
   3.2667878 0.049266483           0           0
   3.2729895 0.048877281           0           0
   3.2791912  0.04849208           0           0
   3.2853888 0.048110078           0           0
   3.2915905 0.047732077           0           0
   3.2977922 0.047357075           0           0
   3.3039898 0.046985474           0           0
   3.3101915 0.046617472           0           0
   3.3163932 0.046252871           0           0
   3.3225908 0.045891669           0           0
   3.3287925 0.045533868           0           0
   3.3349901 0.045179067           0           0
   3.3411918 0.044827665           0           0
   3.3473935 0.044479464           0           0
   3.3535911 0.044134663           0           0
   3.3597928 0.043792861           0           0
   3.3659945  0.04345446           0           0
   3.3721921 0.043119259           0           0
   3.3783938 0.042786458           0           0
   3.3845955 0.042457457           0           0
   3.3907931 0.042131255           0           0
   3.3969948 0.041808054           0           0
   3.4031965 0.041488253           0           0
   3.4093941 0.041170852           0           0
   3.4155958 0.040857251           0           0
   3.4217934  0.04054605           0           0
   3.4279951 0.040237849           0           0
   3.4341968 0.039932848           0           0
   3.4403944 0.039630447           0           0
   3.4465961 0.039331046           0           0
   3.4527978 0.039034645           0           0
   3.4589954 0.038740844           0           0
   3.4651971 0.038450243           0           0
   3.4713988 0.038162242           0           0
   3.4775964 0.037877041           0           0
   3.4837981  0.03759424           0           0
   3.4899998 0.037314439           0           0
   3.4961974 0.037037238           0           0
   3.5023991 0.036762837           0           0
   3.5086008 0.036491037           0           0
   3.5147984 0.036221836           0           0
   3.5210001 0.035955035           0           0
   3.5271977 0.035690834           0           0
   3.5333994 0.035429633           0           0
   3.5396011 0.035170433           0           0
   3.5457987 0.034913832           0           0
   3.5520004 0.034659631           0           0
   3.5582021  0.03440803           0           0
   3.5643997  0.03415903           0           0
   3.5706014 0.033912029           0           0
   3.5768031 0.033667628           0           0
   3.5830007 0.033425428           0           0
   3.5892024 0.033185627           0           0
   3.5954041 0.032948226           0           0
   3.6016017 0.032713226           0           0
   3.6078034 0.032480425           0           0
    3.614001 0.032249824           0           0
   3.6202027 0.032021424           0           0
   3.6264044 0.031795023           0           0
    3.632602 0.031571022           0           0
   3.6388037 0.031349622           0           0
   3.6450054 0.031129821           0           0
    3.651203 0.030912221           0           0
   3.6574047  0.03069662           0           0
   3.6636064 0.030483019           0           0
    3.669804 0.030271619           0           0
   3.6760057 0.030062018           0           0
   3.6822074 0.029854618           0           0
    3.688405 0.029649017           0           0
   3.6946067 0.029445217           0           0
   3.7008043 0.029243416           0           0
    3.707006 0.029043016           0           0
   3.7132077 0.028845215           0           0
   3.7194053 0.028648415           0           0
    3.725607 0.028453614           0           0
   3.7318087 0.028260614           0           0
   3.7380063 0.028069213           0           0
    3.744208 0.027879413           0           0
   3.7504097 0.027691412           0           0
   3.7566073 0.027504812           0           0
    3.762809 0.027319812           0           0
   3.7690107 0.027136611           0           0
   3.7752083 0.026954611           0           0
     3.78141  0.02677421           0           0
   3.7876117  0.02659501           0           0
   3.7938093  0.02641741           0           0
    3.800011 0.026241009           0           0
   3.8062086 0.026066209           0           0
   3.8124103 0.025892608           0           0
    3.818612 0.025720608           0           0
   3.8248096 0.025549408           0           0
   3.8310113 0.025379607           0           0
    3.837213 0.025211007           0           0
   3.8434106 0.025043606           0           0
   3.8496123 0.024877606           0           0
    3.855814 0.024713006           0           0
   3.8620116 0.024549205           0           0
   3.8682133 0.024386605           0           0
    3.874415 0.024225205           0           0
   3.8806126 0.024065004           0           0
   3.8868143 0.023905604           0           0
   3.8930119 0.023747404           0           0
   3.8992136 0.023590803           0           0
   3.9054153 0.023435003           0           0
   3.9116129 0.023280203           0           0
   3.9178146 0.023126403           0           0
   3.9240163 0.022973402           0           0
   3.9302139 0.022822202           0           0
   3.9364156 0.022671402           0           0
   3.9426173 0.022521801           0           0
   3.9488149 0.022373401           0           0
   3.9550166 0.022226001           0           0
   3.9612183 0.022079401           0           0
   3.9674159   0.0219342           0           0
   3.9736176   0.0217898           0           0
   3.9798152   0.0216462           0           0
   3.9860169 0.021504199           0           0
   3.9922186 0.021363199           0           0
   3.9984162 0.021222599           0           0
   4.0046179 0.021083599           0           0
   4.0108196 0.020945598           0           0
   4.0170172 0.020808398           0           0
   4.0232189 0.020672598           0           0
   4.0294206 0.020537598           0           0
   4.0356182 0.020403997           0           0
   4.0418199 0.020270797           0           0
   4.0480216 0.020139197           0           0
   4.0542192 0.020008797           0           0
   4.0604209 0.019879197           0           0
   4.0666185 0.019750396           0           0
   4.0728202 0.019622996           0           0
   4.0790178 0.019496796           0           0
   4.0852114 0.019371196           0           0
   4.0914049 0.019247196           0           0
   4.0976392 0.019124195           0           0
   4.1038327 0.019001995           0           0
   4.1100263 0.018880995           0           0
   4.1162198 0.018761195           0           0
   4.1224134 0.018642395           0           0
   4.1286069 0.018524594           0           0
   4.1348412 0.018408194           0           0
   4.1410347 0.018292794           0           0
   4.1472283 0.018178194           0           0
   4.1534218 0.018064994           0           0
   4.1596154 0.017952793           0           0
   4.1658089 0.017841993           0           0
   4.1720432 0.017731993           0           0
   4.1782367 0.017623393           0           0
   4.1844303 0.017515393           0           0
   4.1906238 0.017408993           0           0
   4.1968174 0.017303392           0           0
   4.2030109 0.017199192           0           0
   4.2092452 0.017095792           0           0
   4.2154387 0.016993992           0           0
   4.2216323 0.016892792           0           0
   4.2278258 0.016793192           0           0
   4.2340194 0.016694792           0           0
   4.2402129 0.016597391           0           0
   4.2464472 0.016500591           0           0
   4.2526407 0.016405591           0           0
   4.2588343 0.016311191           0           0
   4.2650278 0.016217991           0           0
   4.2712214 0.016126191           0           0
   4.2774149 0.016035191           0           0
   4.2836492 0.015945391           0           0
   4.2898427  0.01585659           0           0
   4.2960363  0.01576859           0           0
   4.3022298  0.01568199           0           0
   4.3084234  0.01559619           0           0
   4.3146169  0.01551139           0           0
   4.3208104  0.01542759           0           0
   4.3270447  0.01534479           0           0
   4.3332383  0.01526299           0           0
   4.3394318 0.015181989           0           0
   4.3456254 0.015101989           0           0
   4.3518189 0.015022789           0           0
   4.3580124 0.014944589           0           0
   4.3642467 0.014867589           0           0
   4.3704403 0.014791189           0           0
   4.3766338 0.014715189           0           0
   4.3828274 0.014640589           0           0
   4.3890209 0.014566389           0           0
   4.3952144 0.014493389           0           0
   4.4014487 0.014420788           0           0
   4.4076423 0.014349188           0           0
   4.4138358 0.014278388           0           0
   4.4200294 0.014208388           0           0
   4.4262229 0.014139188           0           0
   4.4324164 0.014070388           0           0
   4.4386507 0.014002388           0           0
   4.4448443 0.013935388           0           0
   4.4510378 0.013868788           0           0
   4.4572314 0.013802788           0           0
   4.4634249 0.013737588           0           0
   4.4696184 0.013672787           0           0
   4.4758527 0.013608787           0           0
   4.4820463 0.013545587           0           0
   4.4882398 0.013482587           0           0
   4.4944333 0.013420387           0           0
   4.5006269 0.013358787           0           0
   4.5068204 0.013297587           0           0
   4.5130547 0.013236987           0           0
   4.5192483 0.013176787           0           0
   4.5254418 0.013117187           0           0
   4.5316353 0.013058187           0           0
   4.5378289 0.012999187           0           0
   4.5440224 0.012941187           0           0
   4.5502567 0.012883586           0           0
   4.5564503 0.012826186           0           0
   4.5626438 0.012768986           0           0
   4.5688373 0.012712786           0           0
   4.5750309 0.012656386           0           0
   4.5812244 0.012600786           0           0
   4.5874587 0.012545586           0           0
   4.5936523 0.012490786           0           0
   4.5998458 0.012436186           0           0
   4.6060393 0.012381986           0           0
   4.6122329 0.012327786           0           0
   4.6184264 0.012274586           0           0
   4.6246607 0.012221386           0           0
   4.6308543 0.012168586           0           0
   4.6370478 0.012116386           0           0
   4.6432413 0.012064385           0           0
   4.6494349 0.012012785           0           0
   4.6556284 0.011961585           0           0
   4.6618627 0.011910385           0           0
   4.6680563 0.011860185           0           0
   4.6742498 0.011809985           0           0
   4.6804433 0.011759985           0           0
   4.6866369 0.011710585           0           0
   4.6928304 0.011661385           0           0
   4.6990647 0.011612585           0           0
   4.7052583 0.011563785           0           0
   4.7114518 0.011515785           0           0
   4.7176453 0.011467985           0           0
   4.7238389 0.011420585           0           0
   4.7300324 0.011373385           0           0
   4.7362667 0.011326385           0           0
   4.7424603 0.011280185           0           0
   4.7486538 0.011233785           0           0
   4.7548473 0.011188185           0           0
   4.7610409 0.011142584           0           0
   4.7672344 0.011097384           0           0
    4.773428 0.011052384           0           0
   4.7796623 0.011007784           0           0
   4.7858558 0.010963784           0           0
   4.7920493 0.010919784           0           0
   4.7982429 0.010876384           0           0
   4.8044364 0.010832984           0           0
     4.81063 0.010789984           0           0
   4.8168643 0.010747584           0           0
   4.8230578 0.010705584           0           0
   4.8292513 0.010663184           0           0
   4.8354449 0.010621584           0           0
   4.8416384 0.010580384           0           0
    4.847832 0.010538984           0           0
   4.8540663 0.010498584           0           0
   4.8602598 0.010457784           0           0
   4.8664533 0.010417784           0           0
   4.8726469 0.010378184           0           0
   4.8788404 0.010338384           0           0
    4.885034 0.010299184           0           0
   4.8912683 0.010260384           0           0
   4.8974618 0.010221584           0           0
   4.9036553 0.010183184           0           0
   4.9098489 0.010145184           0           0
   4.9160424 0.010107583           0           0
    4.922236 0.010070183           0           0
   4.9284702 0.010032583           0           0
   4.9346638 0.0099957834           0           0
   4.9408573 0.0099593833           0           0
   4.9470509 0.0099227833           0           0
   4.9532444 0.0098869833           0           0
    4.959438 0.0098509832           0           0
   4.9656722 0.0098157832           0           0
   4.9718658 0.0097801832           0           0
   4.9780593 0.0097453831           0           0
   4.9842529 0.0097105831           0           0
   4.9904464 0.0096763831           0           0
     4.99664 0.009641983           0           0
