  0.06108177   20.345374           0           0
 0.067278164   21.107009           0           0
 0.073474966   21.116904           0           0
  0.07967136   20.723579           0           0
 0.085868162    19.92423           0           0
 0.092064556   19.433557           0           0
 0.098261358   19.840685           0           0
  0.10445775    20.59174           0           0
  0.11065455   21.049235           0           0
  0.11685095   21.051802           0           0
  0.12304775   20.722964           0           0
  0.12924414   20.240751           0           0
  0.13544095    19.81561           0           0
  0.14163734   19.608523           0           0
  0.14783414   19.615232           0           0
  0.15403054   19.749559           0           0
  0.16022734   19.893491           0           0
  0.16642373   20.027906           0           0
  0.17262053   20.212345           0           0
  0.17881693   20.452979           0           0
  0.18501373   20.688044           0           0
  0.19121012   20.844259           0           0
  0.19740693   20.884671           0           0
  0.20360373   20.785142           0           0
  0.20980012   20.556858           0           0
  0.21599692   20.234738           0           0
  0.22219332   19.849999           0           0
  0.22839012   19.438923           0           0
  0.23458651    19.05195           0           0
  0.24078331   18.723205           0           0
  0.24697971   18.448219           0           0
  0.25317651   18.213895           0           0
   0.2593729   18.024885           0           0
  0.26556971    17.89385           0           0
   0.2717661   17.827707           0           0
   0.2779629   17.824814           0           0
   0.2841593   17.871735           0           0
   0.2903561   17.942332           0           0
  0.29655249   18.009359           0           0
  0.30274929   18.052738           0           0
  0.30894569   18.068346           0           0
  0.31514249   18.057424           0           0
  0.32133929   18.021154           0           0
  0.32753569   17.964052           0           0
  0.33373249   17.892208           0           0
  0.33992888   17.811378           0           0
  0.34612568   17.730195           0           0
  0.35232208   17.654372           0           0
  0.35851888   17.583996           0           0
  0.36471527   17.513208           0           0
  0.37091208   17.433605           0           0
  0.37710847   17.339042           0           0
  0.38330527    17.22976           0           0
  0.38950167   17.111594           0           0
  0.39569847   16.990776           0           0
  0.40189486   16.872223           0           0
  0.40809329   16.761448           0           0
  0.41428684    16.66385           0           0
  0.42048445    16.58292           0           0
  0.42668207   16.520933           0           0
  0.43287969   16.476841           0           0
  0.43907323   16.446982           0           0
  0.44527084   16.424976           0           0
  0.45146846   16.403329           0           0
  0.45766608   16.375048           0           0
  0.46385962   16.333834           0           0
  0.47005724   16.274391           0           0
  0.47625485   16.193027           0           0
  0.48245247   16.089661           0           0
  0.48864601    15.96692           0           0
  0.49484363   15.827832           0           0
  0.50104124   15.675322           0           0
  0.50723886   15.512214           0           0
   0.5134324    15.34133           0           0
  0.51963002   15.164988           0           0
  0.52582764   14.985506           0           0
  0.53202525   14.805201           0           0
  0.53821879   14.626185           0           0
  0.54441641    14.45027           0           0
  0.55061403   14.279166           0           0
  0.55681164   14.114082           0           0
  0.56300519   13.955924           0           0
   0.5692028   13.805394           0           0
  0.57540042   13.662997           0           0
  0.58159804   13.529236           0           0
  0.58779158   13.404011           0           0
  0.59398919   13.286319           0           0
  0.60018681   13.175058           0           0
  0.60638443   13.069024           0           0
  0.61257797   12.966915           0           0
  0.61877559   12.867728           0           0
   0.6249732   12.769959           0           0
  0.63117082   12.672706           0           0
  0.63736436   12.574465           0           0
  0.64356198   12.474236           0           0
  0.64975959   12.371014           0           0
  0.65595721     12.2639           0           0
  0.66215075   12.152392           0           0
  0.66834837   12.036191           0           0
  0.67454599   11.915597           0           0
   0.6807436   11.790711           0           0
  0.68693715   11.662136           0           0
  0.69313476   11.530272           0           0
  0.69933238    11.39542           0           0
     0.70553   11.258181           0           0
  0.71172354   11.119058           0           0
  0.71792115   10.978549           0           0
  0.72411877   10.837257           0           0
  0.73031639   10.695582           0           0
  0.73650993   10.554125           0           0
  0.74270755   10.413387           0           0
  0.74890516   10.273868           0           0
  0.75510278   10.135868           0           0
  0.76129632    9.999767           0           0
  0.76749394    9.865595           0           0
  0.77369155   9.7334315           0           0
  0.77988917   9.6033559           0           0
  0.78608271   9.4754082           0           0
  0.79228033   9.3496473           0           0
  0.79847795   9.2261332           0           0
  0.80467556   9.1049254           0           0
   0.8108691   8.9860636           0           0
  0.81706672    8.869517           0           0
  0.82326434    8.755185           0           0
  0.82946195   8.6429069           0           0
   0.8356555   8.5325224           0           0
  0.84185311   8.4238402           0           0
  0.84805073     8.31666           0           0
  0.85424835   8.2107611           0           0
  0.86044596   8.1059428           0           0
   0.8666395   8.0020147           0           0
  0.87283712   7.8988261           0           0
  0.87903474   7.7962166           0           0
  0.88523235   7.6940457           0           0
   0.8914259   7.5922233           0           0
  0.89762351   7.4906987           0           0
  0.90382113   7.3894119           0           0
  0.91001875   7.2883225           0           0
  0.91621229   7.1874004           0           0
  0.92240991   7.0866653           0           0
  0.92860752    6.986127           0           0
  0.93480514   6.8857854           0           0
  0.94099868   6.7856504           0           0
   0.9471963   6.6857816           0           0
  0.95339391   6.5862392           0           0
  0.95959153   6.4871129           0           0
  0.96578507   6.3884527           0           0
  0.97198269   6.2903284           0           0
  0.97818031     6.19279           0           0
  0.98437792   6.0959173           0           0
  0.99057146   5.9997603           0           0
  0.99676908   5.9043687           0           0
   1.0029667   5.8098226           0           0
   1.0091643   5.7161517           0           0
   1.0153579   5.6234361           0           0
   1.0215555   5.5317155           0           0
   1.0277531   5.4410499           0           0
   1.0339507   5.3514592           0           0
   1.0401442   5.2629732           0           0
   1.0463419   5.1756518           0           0
   1.0525395    5.089525           0           0
   1.0587371   5.0046325           0           0
   1.0649306   4.9209844           0           0
   1.0711283   4.8385803           0           0
   1.0773259   4.7574003           0           0
   1.0835235   4.6774542           0           0
    1.089717   4.5987319           0           0
   1.0959146   4.5212432           0           0
   1.1021123   4.4449981           0           0
   1.1083099   4.3700064           0           0
   1.1145034   4.2962481           0           0
    1.120701   4.2237531           0           0
   1.1268987   4.1524811           0           0
   1.1330963   4.0824122           0           0
   1.1392898   4.0135262           0           0
   1.1454874    3.945793           0           0
    1.151685   3.8791825           0           0
   1.1578827   3.8136346           0           0
   1.1640762   3.7491292           0           0
   1.1702738   3.6856062           0           0
   1.1764714   3.6230255           0           0
   1.1826691    3.561357           0           0
   1.1888626   3.5005406           0           0
   1.1950602   3.4405462           0           0
   1.2012578   3.3813537           0           0
   1.2074554   3.3229432           0           0
    1.213649   3.2652845           0           0
   1.2198466   3.2083875           0           0
   1.2260442   3.1522222           0           0
   1.2322418   3.0967786           0           0
   1.2384354   3.0420366           0           0
    1.244633   2.9879862           0           0
   1.2508306   2.9346172           0           0
   1.2570282   2.8818897           0           0
   1.2632218   2.8298135           0           0
   1.2694194   2.7783587           0           0
    1.275617   2.7275052           0           0
   1.2818146    2.677253           0           0
   1.2880082    2.627572           0           0
   1.2942058   2.5784622           0           0
   1.3004034   2.5299535           0           0
    1.306601    2.482076           0           0
   1.3127946   2.4348396           0           0
   1.3189922   2.3882943           0           0
   1.3251898   2.3424601           0           0
   1.3313874   2.2973669           0           0
   1.3375809   2.2530649           0           0
   1.3437786   2.2095638           0           0
   1.3499762   2.1669138           0           0
   1.3561738   2.1251048           0           0
   1.3623673   2.0841868           0           0
    1.368565   2.0441598           0           0
   1.3747626   2.0050437           0           0
   1.3809602   1.9668185           0           0
   1.3871537   1.9294742           0           0
   1.3933514   1.8930007           0           0
    1.399549   1.8573981           0           0
   1.4057466   1.8226562           0           0
   1.4119401   1.7887652           0           0
   1.4181377   1.7557149           0           0
   1.4243354   1.7234653           0           0
    1.430533   1.6920063           0           0
   1.4367265   1.6613081           0           0
   1.4429241   1.6313605           0           0
   1.4491218   1.6021235           0           0
   1.4553194    1.573577           0           0
   1.4615129   1.5457212           0           0
   1.4677105   1.5185159           0           0
   1.4739081   1.4919611           0           0
   1.4801058   1.4660168           0           0
   1.4862993    1.440683           0           0
   1.4924969   1.4159296           0           0
   1.4986945   1.3917367           0           0
   1.5048922   1.3680942           0           0
   1.5110898   1.3449621           0           0
   1.5172833   1.3223404           0           0
   1.5234809   1.3002091           0           0
   1.5296785   1.2785482           0           0
   1.5358762   1.2573476           0           0
   1.5420697   1.2365973           0           0
   1.5482673   1.2162674           0           0
   1.5544649   1.1963677           0           0
   1.5606626   1.1768784           0           0
   1.5668561   1.1577793           0           0
   1.5730537   1.1390706           0           0
   1.5792513   1.1207321           0           0
   1.5854489   1.1027538           0           0
   1.5916425   1.0851158           0           0
   1.5978401   1.0678181           0           0
   1.6040377   1.0508406           0           0
   1.6102353   1.0341732           0           0
   1.6164289   1.0178062           0           0
   1.6226265   1.0017193           0           0
   1.6288241  0.98590856           0           0
   1.6350217  0.97035905           0           0
   1.6412153  0.95506573           0           0
   1.6474129  0.94002258           0           0
   1.6536105   0.9252246           0           0
   1.6598081  0.91066678           0           0
   1.6660017  0.89634813           0           0
   1.6721993  0.88226564           0           0
   1.6783969  0.86841929           0           0
   1.6845945   0.8548081           0           0
   1.6907881  0.84143105           0           0
   1.6969857  0.82828915           0           0
   1.7031833  0.81538338           0           0
   1.7093809  0.80271175           0           0
   1.7155744  0.79027726           0           0
   1.7217721  0.77807989           0           0
   1.7279697  0.76611865           0           0
   1.7341673  0.75439553           0           0
   1.7403608  0.74290654           0           0
   1.7465585  0.73165166           0           0
   1.7527561   0.7206279           0           0
   1.7589537  0.70983425           0           0
   1.7651472   0.6992697           0           0
   1.7713448  0.68893226           0           0
   1.7775425  0.67881993           0           0
   1.7837401  0.66893069           0           0
   1.7899336  0.65926356           0           0
   1.7961312  0.64981151           0           0
   1.8023289  0.64056856           0           0
   1.8085265   0.6315307           0           0
     1.81472  0.62268992           0           0
   1.8209176  0.61404122           0           0
   1.8271152   0.6055786           0           0
   1.8333129  0.59729505           0           0
   1.8395064  0.58918358           0           0
    1.845704  0.58123418           0           0
   1.8519016  0.57343884           0           0
   1.8580993  0.56579056           0           0
   1.8642928  0.55827935           0           0
   1.8704904   0.5508992           0           0
    1.876688   0.5436411           0           0
   1.8828856  0.53650005           0           0
   1.8890792  0.52946706           0           0
   1.8952768  0.52253411           0           0
   1.9014744  0.51569521           0           0
    1.907672  0.50894235           0           0
   1.9138656  0.50226754           0           0
   1.9200632  0.49566576           0           0
   1.9262608  0.48912802           0           0
   1.9324584  0.48265032           0           0
    1.938652  0.47622666           0           0
   1.9448496  0.46985603           0           0
   1.9510472  0.46353843           0           0
   1.9572448  0.45727587           0           0
   1.9634384  0.45107034           0           0
    1.969636  0.44492284           0           0
   1.9758336  0.43883537           0           0
   1.9820312  0.43280994           0           0
   1.9882248  0.42684753           0           0
   1.9944224  0.42094916           0           0
     2.00062  0.41511782           0           0
   2.0068176   0.4093545           0           0
   2.0130111  0.40365922           0           0
   2.0192088  0.39803697           0           0
   2.0254064  0.39248574           0           0
    2.031604  0.38700955           0           0
   2.0377975  0.38160838           0           0
   2.0439952  0.37628524           0           0
   2.0501928  0.37104113           0           0
   2.0563904  0.36587804           0           0
   2.0625839  0.36079598           0           0
   2.0687815  0.35579595           0           0
   2.0749792  0.35087895           0           0
   2.0811768  0.34604596           0           0
   2.0873703  0.34129501           0           0
   2.0935679  0.33662808           0           0
   2.0997656  0.33204417           0           0
   2.1059632  0.32754129           0           0
   2.1121567  0.32311942           0           0
   2.1183543  0.31877758           0           0
   2.1245519  0.31451577           0           0
   2.1307496  0.31033097           0           0
   2.1369431  0.30622419           0           0
   2.1431407  0.30219344           0           0
   2.1493383   0.2982387           0           0
    2.155536  0.29435898           0           0
   2.1617295  0.29055228           0           0
   2.1679271   0.2868186           0           0
   2.1741247  0.28315694           0           0
   2.1803223  0.27956629           0           0
     2.18652  0.27604566           0           0
   2.1927135  0.27259405           0           0
   2.1989111  0.26920945           0           0
   2.2051087  0.26588987           0           0
   2.2113064   0.2626343           0           0
   2.2174999  0.25944175           0           0
   2.2236975  0.25630921           0           0
   2.2298951  0.25323668           0           0
   2.2360927  0.25022217           0           0
   2.2422863  0.24726467           0           0
   2.2484839  0.24436118           0           0
   2.2546815  0.24151171           0           0
   2.2608791  0.23871424           0           0
   2.2670727  0.23596779           0           0
   2.2732703  0.23326935           0           0
   2.2794679  0.23061792           0           0
   2.2856655   0.2280135           0           0
   2.2918591  0.22545209           0           0
   2.2980567  0.22293369           0           0
   2.3042543  0.22045629           0           0
   2.3104519  0.21801791           0           0
   2.3166455  0.21561754           0           0
   2.3228431  0.21325517           0           0
   2.3290407  0.21092681           0           0
   2.3352383  0.20863346           0           0
   2.3414319  0.20637412           0           0
   2.3476295  0.20414578           0           0
   2.3538271  0.20194845           0           0
   2.3600247  0.19978113           0           0
   2.3662182  0.19764182           0           0
   2.3724159  0.19553051           0           0
   2.3786135  0.19344621           0           0
   2.3848111  0.19138691           0           0
   2.3910046  0.18935162           0           0
   2.3972023  0.18733934           0           0
   2.4033999  0.18535106           0           0
   2.4095975  0.18338278           0           0
    2.415791  0.18143551           0           0
   2.4219886  0.17950625           0           0
   2.4281863  0.17759599           0           0
   2.4343839  0.17570374           0           0
   2.4405774  0.17382649           0           0
    2.446775  0.17196624           0           0
   2.4529727    0.170121           0           0
   2.4591703  0.16829077           0           0
   2.4653638  0.16647653           0           0
   2.4715614   0.1646783           0           0
    2.477759  0.16289608           0           0
   2.4839567  0.16112986           0           0
   2.4901502  0.15938064           0           0
   2.4963478  0.15764743           0           0
   2.5025454  0.15593322           0           0
   2.5087431  0.15423502           0           0
   2.5149366  0.15255482           0           0
   2.5211342  0.15089362           0           0
   2.5273318  0.14924943           0           0
   2.5335294  0.14762524           0           0
    2.539723  0.14602005           0           0
   2.5459206  0.14443387           0           0
   2.5521182  0.14286869           0           0
   2.5583158  0.14132252           0           0
   2.5645094  0.13979735           0           0
    2.570707  0.13829318           0           0
   2.5769046  0.13681001           0           0
   2.5831022  0.13534785           0           0
   2.5892958   0.1339077           0           0
   2.5954934  0.13249054           0           0
    2.601691  0.13109439           0           0
   2.6078886  0.12972224           0           0
   2.6140822   0.1283721           0           0
   2.6202798  0.12704396           0           0
   2.6264774  0.12573882           0           0
    2.632675  0.12445668           0           0
   2.6388686  0.12319655           0           0
   2.6450662  0.12195942           0           0
   2.6512638   0.1207443           0           0
   2.6574614  0.11955017           0           0
    2.663655  0.11837905           0           0
   2.6698526  0.11722793           0           0
   2.6760502  0.11609782           0           0
   2.6822478  0.11498771           0           0
   2.6884413   0.1138976           0           0
    2.694639  0.11282649           0           0
   2.7008366  0.11177538           0           0
   2.7070342  0.11074128           0           0
   2.7132277  0.10972618           0           0
   2.7194254  0.10872908           0           0
    2.725623  0.10774898           0           0
   2.7318206  0.10678589           0           0
   2.7380141   0.1058388           0           0
   2.7442117   0.1049087           0           0
   2.7504094  0.10399362           0           0
    2.756607  0.10309353           0           0
   2.7628005  0.10220944           0           0
   2.7689981  0.10133836           0           0
   2.7751958  0.10048128           0           0
   2.7813934 0.099638198           0           0
   2.7875869 0.098808119           0           0
   2.7937845 0.097990042           0           0
   2.7999821 0.097183967           0           0
   2.8061798 0.096389892           0           0
   2.8123733  0.09560682           0           0
   2.8185709 0.094834748           0           0
   2.8247685 0.094072678           0           0
   2.8309662 0.093320609           0           0
   2.8371597 0.092576942           0           0
   2.8433573 0.091842475           0           0
   2.8495549  0.09111681           0           0
   2.8557525 0.090399146           0           0
   2.8619502 0.089688882           0           0
   2.8681437  0.08898622           0           0
   2.8743413 0.088290359           0           0
   2.8805389 0.087601699           0           0
   2.8867366  0.08691944           0           0
   2.8929301 0.086243782           0           0
   2.8991277 0.085574324           0           0
   2.9053253 0.084911068           0           0
   2.9115229 0.084253212           0           0
   2.9177165 0.083601358           0           0
   2.9239141 0.082954704           0           0
   2.9301117 0.082312851           0           0
   2.9363093 0.081676599           0           0
   2.9425029 0.081045147           0           0
   2.9487005 0.080419096           0           0
   2.9548981 0.079797446           0           0
   2.9610957 0.079180997           0           0
   2.9672893 0.078569349           0           0
   2.9734869 0.077962301           0           0
   2.9796845 0.077360654           0           0
   2.9858821 0.076762608           0           0
   2.9920757 0.076169962           0           0
   2.9982733 0.075581517           0           0
   3.0044709 0.074997873           0           0
   3.0106685 0.074418429           0           0
   3.0168621 0.073843386           0           0
   3.0230597 0.073272543           0           0
   3.0292573 0.072706301           0           0
   3.0354549  0.07214426           0           0
   3.0416484  0.07158642           0           0
   3.0478461  0.07103338           0           0
   3.0540437  0.07048434           0           0
   3.0602413 0.069939101           0           0
   3.0664348 0.069398663           0           0
   3.0726325 0.068862225           0           0
   3.0788301 0.068330188           0           0
   3.0850277 0.067802151           0           0
   3.0912212 0.067278915           0           0
   3.0974188  0.06675968           0           0
   3.1036165 0.066244645           0           0
   3.1098141  0.06573441           0           0
   3.1160076 0.065228176           0           0
   3.1222052 0.064726142           0           0
   3.1284029 0.064228309           0           0
   3.1346005 0.063734877           0           0
    3.140794 0.063245445           0           0
   3.1469916 0.062760413           0           0
   3.1531892 0.062279382           0           0
   3.1593869 0.061802551           0           0
   3.1655804 0.061329921           0           0
    3.171778 0.060861491           0           0
   3.1779756 0.060397062           0           0
   3.1841733 0.059936433           0           0
   3.1903668 0.059480605           0           0
   3.1965644 0.059028377           0           0
    3.202762 0.058579949           0           0
   3.2089596 0.058135722           0           0
   3.2151532 0.057695495           0           0
   3.2213508 0.057258869           0           0
   3.2275484 0.056826643           0           0
    3.233746 0.056398417           0           0
   3.2399396 0.055973792           0           0
   3.2461372 0.055553367           0           0
   3.2523348 0.055136542           0           0
   3.2585324 0.054723718           0           0
    3.264726 0.054314895           0           0
   3.2709236 0.053910271           0           0
   3.2771212 0.053509248           0           0
   3.2833188 0.053112225           0           0
   3.2895124 0.052718803           0           0
     3.29571 0.052329581           0           0
   3.3019076 0.051944159           0           0
   3.3081052 0.051562338           0           0
   3.3142988 0.051184317           0           0
   3.3204964 0.050809696           0           0
    3.326694 0.050438676           0           0
   3.3328916 0.050071256           0           0
   3.3390851 0.049707436           0           0
   3.3452828 0.049346616           0           0
   3.3514804 0.048989597           0           0
    3.357678 0.048635178           0           0
   3.3638715 0.048284359           0           0
   3.3700692 0.047936741           0           0
   3.3762668 0.047591923           0           0
   3.3824644 0.047250305           0           0
   3.3886579 0.046911487           0           0
   3.3948555  0.04657567           0           0
   3.4010532 0.046242652           0           0
   3.4072508 0.045912636           0           0
   3.4134443 0.045585219           0           0
   3.4196419 0.045260202           0           0
   3.4258396 0.044938386           0           0
   3.4320372  0.04461897           0           0
   3.4382307 0.044301954           0           0
   3.4444283 0.043987139           0           0
   3.4506259 0.043675323           0           0
   3.4568236 0.043365308           0           0
   3.4630171 0.043058093           0           0
   3.4692147 0.042752679           0           0
   3.4754123 0.042449664           0           0
     3.48161  0.04214845           0           0
   3.4878035 0.041849435           0           0
   3.4940011 0.041552421           0           0
   3.5001987 0.041257408           0           0
   3.5063963 0.040964794           0           0
    3.512594  0.04067418           0           0
   3.5187875 0.040385367           0           0
   3.5249851 0.040098754           0           0
   3.5311827 0.039813941           0           0
   3.5373804 0.039531328           0           0
   3.5435739 0.039250916           0           0
   3.5497715 0.038972703           0           0
   3.5559691 0.038696491           0           0
   3.5621667 0.038422079           0           0
   3.5683603 0.038150067           0           0
   3.5745579 0.037880055           0           0
   3.5807555 0.037612243           0           0
   3.5869531 0.037346432           0           0
   3.5931467 0.037082821           0           0
   3.5993443 0.036821409           0           0
   3.6055419 0.036561998           0           0
   3.6117395 0.036304388           0           0
   3.6179331 0.036049177           0           0
   3.6241307 0.035796166           0           0
   3.6303283 0.035545556           0           0
   3.6365259 0.035296345           0           0
   3.6427195 0.035049935           0           0
   3.6489171 0.034805325           0           0
   3.6551147 0.034563115           0           0
   3.6613123 0.034322906           0           0
   3.6675059 0.034084696           0           0
   3.6737035 0.033849087           0           0
   3.6799011 0.033615277           0           0
   3.6860987 0.033383868           0           0
   3.6922922 0.033154459           0           0
   3.6984899  0.03292725           0           0
   3.7046875 0.032702041           0           0
   3.7108851 0.032479032           0           0
   3.7170786 0.032258224           0           0
   3.7232763 0.032039415           0           0
   3.7294739 0.031822607           0           0
   3.7356715 0.031607999           0           0
    3.741865 0.031395191           0           0
   3.7480627 0.031184783           0           0
   3.7542603 0.030975775           0           0
   3.7604579 0.030768967           0           0
   3.7666514 0.030563759           0           0
    3.772849 0.030360552           0           0
   3.7790467 0.030159344           0           0
   3.7852443 0.029959737           0           0
   3.7914378 0.029761929           0           0
   3.7976354 0.029565922           0           0
   3.8038331 0.029371915           0           0
   3.8100307 0.029179308           0           0
   3.8162242 0.028988301           0           0
   3.8224218 0.028798894           0           0
   3.8286194 0.028611488           0           0
   3.8348171 0.028425481           0           0
   3.8410106 0.028240675           0           0
   3.8472082 0.028058068           0           0
   3.8534058 0.027876462           0           0
   3.8596035 0.027696855           0           0
    3.865797 0.027518449           0           0
   3.8719946 0.027341443           0           0
   3.8781922 0.027165837           0           0
   3.8843898 0.026992031           0           0
   3.8905834 0.026819225           0           0
    3.896781 0.026647819           0           0
   3.9029786 0.026477814           0           0
   3.9091762 0.026309208           0           0
   3.9153698 0.026141602           0           0
   3.9215674 0.025975397           0           0
    3.927765 0.025810791           0           0
   3.9339626 0.025646986           0           0
   3.9401562 0.025484781           0           0
   3.9463538 0.025323975           0           0
   3.9525514  0.02516437           0           0
    3.958749 0.025005565           0           0
   3.9649426  0.02484856           0           0
   3.9711402 0.024692955           0           0
   3.9773378  0.02453835           0           0
   3.9835354 0.024385345           0           0
    3.989729  0.02423354           0           0
   3.9959266 0.024083135           0           0
   4.0021242 0.023933931           0           0
   4.0083218 0.023786126           0           0
   4.0145153 0.023639522           0           0
    4.020713 0.023494317           0           0
   4.0269106 0.023350513           0           0
   4.0331082 0.023207908           0           0
   4.0393017 0.023066904           0           0
   4.0454994   0.0229271           0           0
    4.051697 0.022788495           0           0
   4.0578946 0.022651691           0           0
   4.0640881 0.022515687           0           0
   4.0702857 0.022381483           0           0
   4.0764915 0.022248279           0           0
   4.0826851 0.022116675           0           0
   4.0888786 0.021986271           0           0
   4.0950721 0.021857467           0           0
   4.1012657 0.021729864           0           0
   4.1074592  0.02160386           0           0
   4.1136528 0.021479056           0           0
   4.1198463 0.021355653           0           0
   4.1260398 0.021233649           0           0
   4.1322334 0.021112845           0           0
   4.1384677 0.020993442           0           0
   4.1446612 0.020875439           0           0
   4.1508548 0.020759035           0           0
   4.1570483 0.020644032           0           0
   4.1632418 0.020530429           0           0
   4.1694354 0.020418425           0           0
   4.1756289 0.020307422           0           0
   4.1818225 0.020198019           0           0
    4.188016 0.020089816           0           0
   4.1942096 0.019983413           0           0
   4.2004031  0.01987841           0           0
   4.2065966 0.019774407           0           0
   4.2127902 0.019672404           0           0
   4.2190245 0.019571601           0           0
    4.225218 0.019472398           0           0
   4.2314116 0.019374595           0           0
   4.2376051 0.019278193           0           0
   4.2437986  0.01918319           0           0
   4.2499922 0.019089587           0           0
   4.2561857 0.018997585           0           0
   4.2623793 0.018906782           0           0
   4.2685728  0.01881758           0           0
   4.2747663 0.018729577           0           0
   4.2809599 0.018643175           0           0
   4.2871534 0.018557572           0           0
    4.293347  0.01847397           0           0
   4.2995813 0.018391167           0           0
   4.3057748 0.018309965           0           0
   4.3119683 0.018230363           0           0
   4.3181619 0.018151561           0           0
   4.3243554 0.018074358           0           0
    4.330549 0.017998156           0           0
   4.3367425 0.017923554           0           0
   4.3429361 0.017849552           0           0
   4.3491296  0.01777735           0           0
   4.3553231 0.017706348           0           0
   4.3615167 0.017636346           0           0
   4.3677102 0.017567744           0           0
   4.3739038 0.017499942           0           0
   4.3800973  0.01743374           0           0
   4.3863316 0.017368338           0           0
   4.3925251 0.017304536           0           0
   4.3987187 0.017241534           0           0
   4.4049122 0.017179732           0           0
   4.4111058 0.017118931           0           0
   4.4172993 0.017059329           0           0
   4.4234928 0.017000527           0           0
   4.4296864 0.016943125           0           0
   4.4358799 0.016886324           0           0
   4.4420735 0.016830722           0           0
    4.448267  0.01677612           0           0
   4.4544606 0.016722119           0           0
   4.4606541 0.016668917           0           0
   4.4668884 0.016616916           0           0
   4.4730819 0.016565314           0           0
   4.4792755 0.016514913           0           0
    4.485469 0.016464711           0           0
   4.4916626  0.01641591           0           0
   4.4978561 0.016367308           0           0
