 0.063643941     593.495
 0.069840335     436.303
 0.076037136      304.79
 0.082233938     211.765
 0.088430332     156.106
 0.094627134     126.477
  0.10082394     106.329
  0.10702074     88.3714
  0.11321754     71.7925
  0.11941393     57.3913
  0.12561074     46.2836
  0.13180754     38.5811
  0.13800434     33.6753
  0.14420073     31.4524
  0.15039753     31.2521
  0.15659434     31.9049
  0.16279114     32.5771
  0.16898753     32.8781
  0.17518433     32.6781
  0.18138114     32.0888
  0.18757794     31.2656
  0.19377474     30.3362
  0.19997113     29.4145
  0.20616793     28.6209
  0.21236474     28.0256
  0.21856113     27.6664
  0.22475793     27.5219
  0.23095473     27.5466
  0.23715154     27.6945
  0.24334834     27.9154
  0.24954473     28.1536
  0.25574153     28.3716
  0.26193834     28.5397
  0.26813514     28.6305
  0.27433153     28.6297
  0.28052833     28.5384
  0.28672513     28.3713
  0.29292194     28.1541
  0.29911833     27.9125
  0.30531513     27.6613
  0.31151193     27.4112
  0.31770874      27.173
  0.32390513     26.9576
  0.33010193      26.775
  0.33629873     26.6295
  0.34249553     26.5208
  0.34869193     26.4477
  0.35488873     26.4086
  0.36108553     26.4006
  0.36728233     26.4201
  0.37347914     26.4624
  0.37967553     26.5194
  0.38587233     26.5809
  0.39206913     26.6363
  0.39826593     26.6769
  0.40446233     26.6949
  0.41066035     26.6828
   0.4168539     26.6375
  0.42305151      26.559
  0.42924913     26.4487
  0.43544675     26.3096
  0.44164436     26.1454
   0.4478379     25.9605
  0.45403552     25.7589
  0.46023314     25.5446
  0.46643075      25.321
   0.4726243     25.0913
  0.47882191     24.8588
  0.48501953     24.6264
  0.49121715     24.3959
  0.49741476     24.1686
   0.5036083     23.9453
  0.50980592     23.7272
  0.51600354      23.515
  0.52220115     23.3088
   0.5283947     23.1081
  0.53459231     22.9119
  0.54078993     22.7192
  0.54698755     22.5288
  0.55318516     22.3394
   0.5593787     22.1498
  0.56557632     21.9591
  0.57177394     21.7666
  0.57797155     21.5718
   0.5841651     21.3745
  0.59036271     21.1743
  0.59656033     20.9709
  0.60275795     20.7638
  0.60895556     20.5528
   0.6151491     20.3376
  0.62134672      20.118
  0.62754434     19.8937
  0.63374195     19.6647
   0.6399355      19.431
  0.64613311     19.1933
  0.65233073     18.9521
  0.65852835      18.708
  0.66472596     18.4616
  0.67091951     18.2136
  0.67711712     17.9646
  0.68331474     17.7151
  0.68951235     17.4659
   0.6957059     17.2176
  0.70190351     16.9707
  0.70810113     16.7258
  0.71429875     16.4836
  0.72049636     16.2443
  0.72668991     16.0082
  0.73288752     15.7757
  0.73908514     15.5467
  0.74528276     15.3217
   0.7514763     15.1005
  0.75767391     14.8834
  0.76387153     14.6704
  0.77006915     14.4615
  0.77626676     14.2566
  0.78246031     14.0557
  0.78865792     13.8585
  0.79485554     13.6647
  0.80105316     13.4743
   0.8072467     13.2868
  0.81344431     13.1022
  0.81964193     12.9203
  0.82583955     12.7408
  0.83203309     12.5634
  0.83823071     12.3882
  0.84442832     12.2148
  0.85062594     12.0433
  0.85682356     11.8738
   0.8630171     11.7063
  0.86921471     11.5408
  0.87541233     11.3773
  0.88160995      11.216
  0.88780349     11.0567
  0.89400111     10.8997
  0.90019872      10.745
  0.90639634     10.5927
  0.91259396     10.4428
   0.9187875     10.2952
  0.92498511       10.15
  0.93118273      10.007
  0.93738035     9.86609
  0.94357389     9.72732
  0.94977151     9.59059
  0.95596912     9.45585
  0.96216674     9.32303
  0.96836436     9.19207
   0.9745579     9.06292
  0.98075552     8.93551
  0.98695313     8.80975
  0.99315075     8.68555
  0.99934429     8.56285
   1.0055419     8.44159
   1.0117395     8.32171
   1.0179371     8.20314
   1.0241348     8.08583
   1.0303283     7.96971
   1.0365259     7.85473
   1.0427235     7.74082
   1.0489211     7.62795
   1.0551147     7.51608
   1.0613123     7.40515
   1.0675099     7.29511
   1.0737075     7.18592
   1.0799052     7.07749
   1.0860987     6.96973
   1.0922963     6.86258
   1.0984939     6.75599
   1.1046915     6.64997
   1.1108851     6.54454
   1.1170827     6.43972
   1.1232803     6.33552
   1.1294779     6.23196
   1.1356756     6.12905
   1.1418691     6.02682
   1.1480667     5.92527
   1.1542643     5.82444
   1.1604619     5.72434
   1.1666555     5.62508
   1.1728531     5.52674
   1.1790507     5.42944
   1.1852483     5.33327
   1.1914419     5.23835
   1.1976395     5.14477
   1.2038371     5.05263
   1.2100347     4.96205
   1.2162323     4.87312
   1.2224259     4.78594
   1.2286235     4.70054
   1.2348211     4.61696
   1.2410187     4.53523
   1.2472123      4.4554
   1.2534099     4.37748
   1.2596075     4.30147
   1.2658051     4.22729
   1.2720028     4.15488
   1.2781963     4.08417
   1.2843939     4.01507
   1.2905915     3.94751
   1.2967891     3.88142
   1.3029827     3.81673
   1.3091803     3.75336
   1.3153779     3.69124
   1.3215755      3.6303
   1.3277732     3.57045
   1.3339667     3.51163
   1.3401643     3.45376
   1.3463619     3.39677
   1.3525595     3.34059
   1.3587531     3.28514
   1.3649507     3.23038
   1.3711483     3.17634
   1.3773459     3.12304
   1.3835436     3.07049
   1.3897371     3.01872
   1.3959347     2.96774
   1.4021323     2.91757
   1.4083299     2.86823
   1.4145235     2.81975
   1.4207211     2.77213
   1.4269187     2.72541
   1.4331163     2.67959
    1.439314     2.63468
   1.4455075      2.5907
   1.4517051     2.54767
   1.4579027     2.50558
   1.4641003     2.46446
   1.4702939     2.42431
   1.4764915     2.38515
   1.4826891     2.34696
   1.4888867     2.30974
   1.4950844     2.27348
   1.5012779     2.23817
   1.5074755     2.20379
   1.5136731     2.17035
   1.5198707     2.13782
   1.5260643     2.10618
   1.5322619     2.07539
   1.5384595     2.04544
   1.5446571     2.01629
   1.5508507      1.9879
   1.5570483     1.96026
   1.5632459     1.93332
   1.5694435     1.90707
   1.5756411     1.88147
   1.5818347     1.85649
   1.5880323      1.8321
   1.5942299     1.80827
   1.6004275     1.78498
   1.6066211     1.76218
   1.6128187     1.73983
   1.6190163     1.71791
   1.6252139     1.69636
   1.6314115     1.67516
   1.6376051     1.65428
   1.6438027     1.63367
   1.6500003     1.61332
   1.6561979     1.59319
   1.6623915     1.57327
   1.6685891     1.55351
   1.6747867     1.53391
   1.6809843     1.51442
   1.6871819     1.49502
   1.6933755     1.47569
   1.6995731     1.45642
   1.7057707      1.4372
   1.7119683     1.41803
   1.7181619     1.39889
   1.7243595     1.37977
   1.7305571     1.36068
   1.7367547     1.34161
   1.7429523     1.32258
   1.7491459      1.3036
   1.7553435     1.28468
   1.7615411     1.26583
   1.7677387     1.24707
   1.7739323      1.2284
   1.7801299     1.20985
   1.7863275     1.19141
   1.7925251     1.17311
   1.7987227     1.15496
   1.8049163     1.13696
   1.8111139     1.11913
   1.8173115     1.10148
   1.8235091     1.08403
   1.8297027     1.06678
   1.8359003     1.04975
   1.8420979     1.03295
   1.8482955     1.01639
   1.8544931     1.00009
   1.8606867    0.984049
   1.8668843    0.968289
   1.8730819    0.952817
   1.8792795    0.937641
   1.8854731    0.922764
   1.8916707    0.908185
   1.8978683    0.893899
   1.9040659    0.879904
   1.9102635    0.866196
   1.9164571    0.852772
   1.9226547    0.839628
   1.9288523    0.826762
   1.9350499    0.814168
   1.9412435    0.801845
   1.9474411    0.789789
   1.9536387    0.777996
   1.9598363    0.766464
   1.9660299    0.755188
   1.9722275    0.744165
   1.9784251    0.733392
   1.9846227    0.722865
   1.9908203    0.712581
   1.9970139    0.702536
   2.0032115    0.692725
   2.0094091    0.683142
   2.0156067    0.673784
   2.0218003    0.664644
   2.0279979    0.655717
   2.0341955       0.647
   2.0403931    0.638486
   2.0465907    0.630171
   2.0527843    0.622051
   2.0589819    0.614121
   2.0651795    0.606375
   2.0713771    0.598809
   2.0775707    0.591418
   2.0837683    0.584198
   2.0899659    0.577144
   2.0961635    0.570251
   2.1023611    0.563513
   2.1085547    0.556928
   2.1147523    0.550489
   2.1209499    0.544194
   2.1271475    0.538037
   2.1333411    0.532014
   2.1395387    0.526121
   2.1457363    0.520354
   2.1519339    0.514708
   2.1581315    0.509179
   2.1643251    0.503763
   2.1705227    0.498455
   2.1767203    0.493251
   2.1829179    0.488147
   2.1891115    0.483139
   2.1953091    0.478222
   2.2015067    0.473393
   2.2077043    0.468647
   2.2139019    0.463982
   2.2200955    0.459396
   2.2262931    0.454887
   2.2324907    0.450452
   2.2386883    0.446089
   2.2448819    0.441796
   2.2510795    0.437569
   2.2572771    0.433406
   2.2634747    0.429307
   2.2696723    0.425267
   2.2758659    0.421284
   2.2820635    0.417357
   2.2882611    0.413482
   2.2944587    0.409657
   2.3006523    0.405881
   2.3068499     0.40215
   2.3130475    0.398462
   2.3192451    0.394814
   2.3254427    0.391206
   2.3316363    0.387633
   2.3378339    0.384094
   2.3440315    0.380586
   2.3502291    0.377107
   2.3564227    0.373657
   2.3626203    0.370236
   2.3688179    0.366843
   2.3750155    0.363477
   2.3812091    0.360138
   2.3874067    0.356826
   2.3936043    0.353539
   2.3998019    0.350277
   2.4059995    0.347039
   2.4121931    0.343824
   2.4183907    0.340631
   2.4245883    0.337462
   2.4307859    0.334314
   2.4369795    0.331188
   2.4431771    0.328084
   2.4493747    0.325002
   2.4555723    0.321942
   2.4617699    0.318904
   2.4679635     0.31589
   2.4741611    0.312898
   2.4803587    0.309929
   2.4865563    0.306983
   2.4927499    0.304061
   2.4989475    0.301163
   2.5051451    0.298288
   2.5113427    0.295438
   2.5175403    0.292613
   2.5237339    0.289812
   2.5299315    0.287036
   2.5361291    0.284285
   2.5423267    0.281559
   2.5485203    0.278859
   2.5547179    0.276185
   2.5609155    0.273537
   2.5671131    0.270915
   2.5733107     0.26832
   2.5795043    0.265751
   2.5857019    0.263209
   2.5918995    0.260694
   2.5980971    0.258207
   2.6042907    0.255748
   2.6104883    0.253316
   2.6166859    0.250913
   2.6228835    0.248538
   2.6290811    0.246191
   2.6352747    0.243872
   2.6414723    0.241581
   2.6476699    0.239317
   2.6538675     0.23708
   2.6600611     0.23487
   2.6662587    0.232687
   2.6724563    0.230531
   2.6786539    0.228401
   2.6848515    0.226298
   2.6910451    0.224221
   2.6972427     0.22217
   2.7034403    0.220144
   2.7096379    0.218144
   2.7158315    0.216169
   2.7220291     0.21422
   2.7282267    0.212295
   2.7344243    0.210396
   2.7406219     0.20852
   2.7468155     0.20667
   2.7530131    0.204843
   2.7592107    0.203041
   2.7654083    0.201262
   2.7716019    0.199507
   2.7777995    0.197775
   2.7839971    0.196067
   2.7901947    0.194381
   2.7963883    0.192717
   2.8025859    0.191076
   2.8087835    0.189457
   2.8149811    0.187858
   2.8211787    0.186281
   2.8273723    0.184725
   2.8335699    0.183188
   2.8397675    0.181672
   2.8459651    0.180174
   2.8521587    0.178696
   2.8583563    0.177235
   2.8645539    0.175794
   2.8707515     0.17437
   2.8769491    0.172963
   2.8831427    0.171573
   2.8893403    0.170199
   2.8955379    0.168842
   2.9017355      0.1675
   2.9079291    0.166174
   2.9141267    0.164862
   2.9203243    0.163566
   2.9265219    0.162283
   2.9327195    0.161015
   2.9389131     0.15976
   2.9451107    0.158519
   2.9513083    0.157291
   2.9575059    0.156077
   2.9636995    0.154877
   2.9698971    0.153688
   2.9760947    0.152513
   2.9822923    0.151351
   2.9884899      0.1502
   2.9946835    0.149062
   3.0008811    0.147936
   3.0070787    0.146822
   3.0132763    0.145719
   3.0194699    0.144628
   3.0256675    0.143548
   3.0318651    0.142479
   3.0380627    0.141421
   3.0442603    0.140373
   3.0504539    0.139336
   3.0566515     0.13831
   3.0628491    0.137294
   3.0690467    0.136289
   3.0752403    0.135293
   3.0814379    0.134309
   3.0876355    0.133334
   3.0938331    0.132369
   3.1000307    0.131415
   3.1062243     0.13047
   3.1124219    0.129535
   3.1186195     0.12861
   3.1248171    0.127694
   3.1310107    0.126789
   3.1372083    0.125893
   3.1434059    0.125006
   3.1496035    0.124128
   3.1558011     0.12326
   3.1619947    0.122401
   3.1681923    0.121552
   3.1743899    0.120711
   3.1805875    0.119879
   3.1867811    0.119056
   3.1929787    0.118242
   3.1991763    0.117437
   3.2053739    0.116641
   3.2115675    0.115853
   3.2177651    0.115074
   3.2239627    0.114303
   3.2301603    0.113542
   3.2363579    0.112789
   3.2425515    0.112044
   3.2487491    0.111308
   3.2549467     0.11058
   3.2611443    0.109861
   3.2673379    0.109151
   3.2735355    0.108448
   3.2797331    0.107754
   3.2859307    0.107069
   3.2921283    0.106391
   3.2983219    0.105722
   3.3045195     0.10506
   3.3107171    0.104407
   3.3169147    0.103761
   3.3231083    0.103123
   3.3293059    0.102493
   3.3355035    0.101869
   3.3417011    0.101253
   3.3478987    0.100644
   3.3540923    0.100043
   3.3602899   0.0994476
   3.3664875   0.0988594
   3.3726851   0.0982778
   3.3788787   0.0977028
   3.3850763   0.0971342
   3.3912739    0.096572
   3.3974715   0.0960158
   3.4036691   0.0954656
   3.4098627   0.0949216
   3.4160603   0.0943828
   3.4222579   0.0938504
   3.4284555    0.093323
   3.4346491   0.0928016
   3.4408467    0.092285
   3.4470443   0.0917738
   3.4532419   0.0912674
   3.4594395   0.0907664
   3.4656331   0.0902698
   3.4718307   0.0897782
   3.4780283    0.089291
   3.4842259    0.088808
   3.4904195     0.08833
   3.4966171   0.0878556
   3.5028147   0.0873854
   3.5090123    0.086919
   3.5152099   0.0864568
   3.5214035    0.085998
   3.5276011   0.0855432
   3.5337987   0.0850916
   3.5399963   0.0846434
   3.5461899   0.0841984
   3.5523875   0.0837568
   3.5585851    0.083318
   3.5647827   0.0828824
   3.5709762   0.0824496
   3.5771739   0.0820196
   3.5833715   0.0815922
   3.5895691   0.0811678
   3.5957667   0.0807462
   3.6019603    0.080327
   3.6081579   0.0799106
   3.6143555   0.0794966
   3.6205531    0.079085
   3.6267466    0.078676
   3.6329443   0.0782696
   3.6391419   0.0778652
   3.6453395   0.0774634
   3.6515371   0.0770638
   3.6577307   0.0766668
   3.6639283   0.0762722
   3.6701259   0.0758794
   3.6763235   0.0754894
    3.682517   0.0751016
   3.6887147    0.074716
   3.6949123   0.0743328
   3.7011099    0.073952
   3.7073075   0.0735736
   3.7135011   0.0731968
   3.7196987   0.0728228
   3.7258963    0.072451
   3.7320939   0.0720812
   3.7382874   0.0717138
   3.7444851   0.0713488
   3.7506827   0.0709862
   3.7568803   0.0706254
   3.7630779   0.0702666
   3.7692715   0.0699106
   3.7754691   0.0695566
   3.7816667   0.0692046
   3.7878643   0.0688548
   3.7940578   0.0685074
   3.8002555    0.068162
   3.8064531   0.0678188
   3.8126507   0.0674778
   3.8188483   0.0671388
   3.8250419    0.066802
   3.8312395   0.0664676
   3.8374371    0.066135
   3.8436347   0.0658046
   3.8498282   0.0654764
   3.8560259   0.0651504
   3.8622235   0.0648266
   3.8684211   0.0645042
   3.8746187   0.0641846
   3.8808123    0.063867
   3.8870099   0.0635516
   3.8932075   0.0632376
   3.8994051   0.0629264
   3.9055986   0.0626168
   3.9117963   0.0623092
   3.9179939   0.0620042
   3.9241915   0.0617004
   3.9303891   0.0613992
   3.9365827   0.0610998
   3.9427803   0.0608024
   3.9489779   0.0605068
   3.9551755    0.060213
    3.961369   0.0599216
   3.9675667    0.059632
   3.9737643   0.0593442
   3.9799619    0.059058
   3.9861554   0.0587744
   3.9923531   0.0584918
   3.9985507   0.0582114
   4.0047483   0.0579332
   4.0109459   0.0576564
   4.0171394   0.0573818
   4.0233371   0.0571086
   4.0295347    0.056837
   4.0357323   0.0565676
   4.0419258   0.0562998
   4.0481235   0.0560338
   4.0543211   0.0557698
   4.0605187    0.055507
   4.0667163   0.0552464
   4.0729099    0.054987
   4.0790993   0.0547298
   4.0852929   0.0544744
   4.0914864   0.0542204
   4.0976799   0.0539682
   4.1039142   0.0537174
   4.1101078    0.053469
   4.1163013   0.0532216
   4.1224949    0.052976
   4.1286884   0.0527322
   4.1348819     0.05249
   4.1410755   0.0522498
    4.147269    0.052011
   4.1534626   0.0517736
   4.1596561    0.051538
   4.1658497   0.0513042
   4.1720432   0.0510718
   4.1782367   0.0508412
    4.184471    0.050612
   4.1906646   0.0503846
   4.1968581   0.0501588
   4.2030517   0.0499342
   4.2092452    0.049712
   4.2154387   0.0494908
   4.2216323   0.0492712
   4.2278258   0.0490528
   4.2340194   0.0488366
   4.2402129   0.0486214
   4.2464064    0.048408
      4.2526    0.048196
   4.2587935   0.0479856
   4.2650278   0.0477766
   4.2712214   0.0475692
   4.2774149    0.047363
   4.2836084   0.0471584
    4.289802   0.0469552
   4.2959955   0.0467534
   4.3021891   0.0465532
   4.3083826    0.046354
   4.3145762    0.046157
   4.3207697   0.0459608
   4.3269632    0.045766
   4.3331568    0.045573
   4.3393503   0.0453812
   4.3455846   0.0451908
   4.3517782    0.045002
   4.3579717   0.0448142
   4.3641652    0.044628
   4.3703588   0.0444432
   4.3765523   0.0442598
   4.3827459   0.0440776
   4.3889394    0.043897
   4.3951329   0.0437176
   4.4013265   0.0435396
     4.40752   0.0433628
   4.4137136   0.0431874
   4.4199071   0.0430134
   4.4261414   0.0428408
   4.4323349   0.0426692
   4.4385285   0.0424994
    4.444722   0.0423308
   4.4509156   0.0421632
   4.4571091    0.041997
   4.4633027   0.0418322
   4.4694962   0.0416686
   4.4756897   0.0415062
   4.4818833   0.0413452
   4.4880768   0.0411856
   4.4942704   0.0410272
   4.5004639     0.04087
   4.5066982   0.0407142
   4.5128917   0.0405594
   4.5190853   0.0404062
   4.5252788   0.0402538
   4.5314724   0.0401026
   4.5376659   0.0399526
   4.5438594   0.0398042
    4.550053   0.0396566
   4.5562465   0.0395102
   4.5624401   0.0393654
   4.5686336   0.0392214
   4.5748272   0.0390784
   4.5810207   0.0389364
    4.587255    0.038796
   4.5934485   0.0386564
   4.5996421   0.0385178
   4.6058356   0.0383804
   4.6120292   0.0382442
   4.6182227    0.038109
   4.6244162   0.0379748
   4.6306098    0.037842
   4.6368033     0.03771
   4.6429969   0.0375788
   4.6491904   0.0374488
   4.6553839   0.0373202
   4.6616182   0.0371922
   4.6678118   0.0370652
   4.6740053   0.0369392
   4.6801989   0.0368144
   4.6863924   0.0366906
   4.6925859   0.0365674
   4.6987795   0.0364454
    4.704973   0.0363244
   4.7111666   0.0362042
   4.7173601   0.0360854
   4.7235537    0.035967
   4.7297472   0.0358496
   4.7359407   0.0357332
    4.742175   0.0356178
   4.7483686    0.035503
   4.7545621   0.0353894
   4.7607557   0.0352768
   4.7669492   0.0351648
   4.7731427   0.0350534
   4.7793363   0.0349432
   4.7855298   0.0348338
   4.7917234   0.0347256
   4.7979169   0.0346176
   4.8041104    0.034511
    4.810304   0.0344046
   4.8164975   0.0342996
   4.8227318   0.0341952
   4.8289254   0.0340916
   4.8351189    0.033989
   4.8413124   0.0338874
    4.847506   0.0337862
   4.8536995   0.0336862
   4.8598931    0.033587
   4.8660866   0.0334882
   4.8722802    0.033391
   4.8784737    0.033294
   4.8846672   0.0331982
   4.8908608   0.0331032
   4.8970543    0.033009
   4.9032886   0.0329156
   4.9094822    0.032823
   4.9156757   0.0327314
   4.9218692   0.0326404
   4.9280628   0.0325506
   4.9342563   0.0324614
   4.9404499   0.0323728
   4.9466434   0.0322852
   4.9528369   0.0321982
   4.9590305   0.0321122
    4.965224   0.0320266
   4.9714176   0.0319422
   4.9776111   0.0318578
   4.9838454   0.0317746
   4.9900389   0.0316918
   4.9962325   0.0316094
    5.002426   0.0315282
   5.0086196    0.031447
   5.0148131   0.0313666
   5.0210067   0.0312872
   5.0272002   0.0312076
   5.0333937   0.0311288
   5.0395873   0.0310506
   5.0457808   0.0309726
   5.0519744   0.0308956
   5.0581679   0.0308186
   5.0644022   0.0307424
   5.0705957   0.0306668
   5.0767893   0.0305914
   5.0829828   0.0305164
   5.0891764   0.0304424
   5.0953699   0.0303682
   5.1015634   0.0302948
    5.107757    0.030222
   5.1139505   0.0301496
   5.1201441   0.0300776
   5.1263376    0.030006
   5.1325312    0.029935
   5.1387247   0.0298646
    5.144959   0.0297946
   5.1511525   0.0297248
   5.1573461    0.029656
   5.1635396   0.0295872
   5.1697332   0.0295192
   5.1759267   0.0294514
   5.1821202    0.029384
   5.1883138   0.0293176
   5.1945073   0.0292512
   5.2007009    0.029185
   5.2068944   0.0291196
   5.2130879   0.0290546
   5.2192815   0.0289902
   5.2255158   0.0289262
   5.2317093   0.0288624
   5.2379029   0.0287992
   5.2440964   0.0287362
   5.2502899   0.0286738
   5.2564835   0.0286118
    5.262677   0.0285504
   5.2688706    0.028489
   5.2750641   0.0284282
   5.2812577    0.028368
   5.2874512   0.0283082
   5.2936447   0.0282486
    5.299879   0.0281894
   5.3060726   0.0281306
   5.3122661    0.028072
   5.3184597    0.028014
   5.3246532   0.0279564
   5.3308467   0.0278992
   5.3370403   0.0278424
   5.3432338    0.027786
   5.3494274     0.02773
   5.3556209   0.0276744
   5.3618145   0.0276192
    5.368008   0.0275646
   5.3742015   0.0275108
   5.3804358   0.0274572
   5.3866294   0.0274044
   5.3928229   0.0273524
   5.3990164    0.027301
     5.40521   0.0272502
   5.4114035      0.0272
   5.4175971   0.0271506
   5.4237906   0.0271022
   5.4299842   0.0270544
   5.4361777   0.0270074
   5.4423712   0.0269616
   5.4485648   0.0269166
   5.4547583   0.0268724
   5.4609926   0.0268294
   5.4671862    0.026787
   5.4733797    0.026746
   5.4795732   0.0267056
   5.4857668   0.0266666
   5.4919603   0.0266288
   5.4981539   0.0265916
   5.5043474   0.0265562
    5.510541   0.0265218
   5.5167345   0.0264882
    5.522928    0.026456
   5.5291216   0.0264252
   5.5353151   0.0263956
   5.5415494    0.026367
   5.5477429   0.0263402
   5.5539365   0.0263144
     5.56013   0.0262904
   5.5663236   0.0262674
   5.5725171   0.0262454
   5.5787107   0.0262252
   5.5849042   0.0262066
   5.5910977   0.0261894
   5.5972913   0.0261736
   5.6034848   0.0261594
   5.6096784   0.0261466
   5.6158719   0.0261356
   5.6221062   0.0261258
   5.6282997   0.0261178
   5.6344933   0.0261114
   5.6406868    0.026107
   5.6468804   0.0261036
   5.6530739   0.0261022
   5.6592675   0.0261024
    5.665461   0.0261042
   5.6716545   0.0261076
   5.6778481   0.0261126
   5.6840416   0.0261196
   5.6902352    0.026128
   5.6964287    0.026138
    5.702663   0.0261498
