 0.061264317     706.092
 0.067464378     589.795
 0.073664439     460.687
 0.079864908     361.339
  0.08606497     302.764
 0.092265439     260.403
   0.0984655     227.424
  0.10466597     201.274
  0.11086603     180.048
   0.1170665     163.548
  0.12326656     151.338
  0.12946662     142.504
  0.13566709     135.835
  0.14186715     130.304
  0.14806762     125.502
  0.15426768     121.332
  0.16046815     117.646
  0.16666821     114.431
  0.17286868     111.806
  0.17906874      109.92
  0.18526881     108.792
  0.19146927     108.325
  0.19766934     108.237
   0.2038698     108.216
  0.21006987      108.07
  0.21627034     107.648
   0.2224704     106.859
  0.22867046     105.745
  0.23487093     104.384
  0.24107099      102.86
  0.24727146     101.311
  0.25347152     99.9459
  0.25967199     98.9232
  0.26587205     98.2544
  0.27207252     97.8673
  0.27827258      97.649
  0.28447264     97.4911
  0.29067311      97.289
  0.29687317     96.9582
  0.30307364     96.4405
   0.3092737     95.7255
  0.31547417     94.8348
  0.32167423     93.7949
   0.3278747     92.6329
  0.33407476     91.3686
  0.34027523     90.0171
  0.34647529     88.6004
  0.35267535     87.1555
  0.35887582     85.7147
  0.36507588     84.2943
  0.37127635     82.8846
  0.37747642     81.4729
  0.38367688     80.0461
  0.38987695     78.6004
  0.39607701     77.1335
  0.40227748     75.6432
  0.40847631     74.1303
  0.41467801     72.6049
   0.4208797     71.0793
  0.42707731     69.5651
  0.43327901     68.0743
   0.4394807     66.6184
  0.44567831      65.202
     0.45188     63.8243
  0.45807762     62.4782
  0.46427931     61.1552
    0.470481     59.8472
  0.47667862     58.5476
  0.48288031     57.2544
    0.489082     55.9667
  0.49527962     54.6837
  0.50148131     53.4046
    0.507683     52.1315
  0.51388062     50.8677
  0.52008231     49.6173
    0.526284     48.3855
  0.53248162     47.1761
  0.53868331     45.9914
    0.544885     44.8333
  0.55108262     43.7038
  0.55728431     42.6043
  0.56348193     41.5344
  0.56968362     40.4929
  0.57588531     39.4788
  0.58208293     38.4908
  0.58828462      37.528
  0.59448631     36.5886
  0.60068392     35.6705
  0.60688562     34.7719
  0.61308731     33.8912
  0.61928492     33.0266
  0.62548662     32.1767
  0.63168831     31.3406
  0.63788592     30.5176
  0.64408761     29.7072
  0.65028523     28.9087
  0.65648692     28.1222
  0.66268861     27.3481
  0.66888623     26.5873
  0.67508792     25.8408
  0.68128961     25.1098
  0.68748723     24.3951
  0.69368892     23.6979
  0.69989061      23.019
  0.70608823     22.3587
  0.71228992     21.7169
  0.71849161     21.0937
  0.72468923      20.489
  0.73089092     19.9028
  0.73708854     19.3348
  0.74329023     18.7848
  0.74949192     18.2522
  0.75568954     17.7363
  0.76189123     17.2366
  0.76809292     16.7524
  0.77429053     16.2832
  0.78049223     15.8283
  0.78669392     15.3872
  0.79289153     14.9591
  0.79909323     14.5437
  0.80529492     14.1403
  0.81149253     13.7484
  0.81769422     13.3673
  0.82389592     12.9967
  0.83009353     12.6362
  0.83629522     12.2856
  0.84249284     11.9447
  0.84869453     11.6134
  0.85489622     11.2914
  0.86109384     10.9786
  0.86729553     10.6747
  0.87349722     10.3795
  0.87969484     10.0928
  0.88589653     9.81448
  0.89209822      9.5443
  0.89829584     9.28208
  0.90449753     9.02769
  0.91069922     8.78096
  0.91689684     8.54174
  0.92309853     8.30987
  0.92929615     8.08517
  0.93549784     7.86745
  0.94169953     7.65654
  0.94789715     7.45226
  0.95409884     7.25444
  0.96030053      7.0629
  0.96649814     6.87745
  0.97269984     6.69794
  0.97890153      6.5242
  0.98509914     6.35608
  0.99130084     6.19344
  0.99750253     6.03611
   1.0037001     5.88394
   1.0099018     5.73679
   1.0160995     5.59449
   1.0223011      5.4569
   1.0285028     5.32384
   1.0347005     5.19515
   1.0409021     5.07067
   1.0471038     4.95026
   1.0533014     4.83376
   1.0595031     4.72104
   1.0657048     4.61194
   1.0719024     4.50632
   1.0781041     4.40404
   1.0843058     4.30497
   1.0905034     4.20899
   1.0967051     4.11599
   1.1029068     4.02585
   1.1091044     3.93846
   1.1153061     3.85371
   1.1215038     3.77147
   1.1277054     3.69159
   1.1339071     3.61394
   1.1401048     3.53836
   1.1463064     3.46469
   1.1525081     3.39275
   1.1587058     3.32241
   1.1649074     3.25354
   1.1711091     3.18604
   1.1773068     3.11981
   1.1835084     3.05477
   1.1897101     2.99084
   1.1959078     2.92793
   1.2021094     2.86595
   1.2083071     2.80484
   1.2145088     2.74459
   1.2207104     2.68522
   1.2269081     2.62678
   1.2331098     2.56928
   1.2393114     2.51276
   1.2455091     2.45726
   1.2517108      2.4028
   1.2579124     2.34943
   1.2641101     2.29716
   1.2703118     2.24604
   1.2765134     2.19611
   1.2827111     2.14741
   1.2889127         2.1
   1.2951104     2.05392
   1.3013121     2.00922
   1.3075137     1.96593
   1.3137114     1.92406
   1.3199131      1.8836
   1.3261147     1.84455
   1.3323124     1.80689
   1.3385141     1.77062
   1.3447157     1.73571
   1.3509134     1.70211
   1.3571151     1.66975
   1.3633167     1.63855
   1.3695144     1.60844
   1.3757161     1.57934
   1.3819137     1.55119
   1.3881154     1.52391
   1.3943171     1.49742
   1.4005147     1.47167
   1.4067164     1.44656
   1.4129181     1.42203
   1.4191157     1.39802
   1.4253174      1.3745
   1.4315191     1.35144
   1.4377167     1.32883
   1.4439184     1.30666
   1.4501201     1.28491
   1.4563177     1.26358
   1.4625194     1.24265
   1.4687211     1.22213
   1.4749187     1.20201
   1.4811204     1.18228
    1.487318     1.16294
   1.4935197     1.14399
   1.4997214     1.12542
    1.505919     1.10723
   1.5121207      1.0894
   1.5183224     1.07194
     1.52452     1.05483
   1.5307217     1.03806
   1.5369234     1.02163
    1.543121     1.00552
   1.5493227     0.98974
   1.5555244     0.97427
    1.561722    0.959109
   1.5679237    0.944254
   1.5741213    0.929698
    1.580323    0.915438
   1.5865247    0.901468
   1.5927223    0.887774
    1.598924    0.874347
   1.6051257    0.861172
   1.6113233    0.848239
    1.617525    0.835533
   1.6237267    0.823044
   1.6299243    0.810761
    1.636126    0.798672
   1.6423277    0.786768
   1.6485253    0.775036
    1.654727    0.763467
   1.6609246    0.752051
   1.6671263    0.740781
    1.673328     0.72965
   1.6795256    0.718657
   1.6857273    0.707806
    1.691929    0.697102
   1.6981266    0.686551
   1.7043283    0.676155
     1.71053     0.66592
   1.7167276    0.655851
   1.7229293    0.645951
    1.729131    0.636226
   1.7353286     0.62668
   1.7415303    0.617317
    1.747732    0.608142
   1.7539296     0.59916
   1.7601313    0.590376
   1.7663289    0.581792
   1.7725306    0.573411
   1.7787323    0.565228
   1.7849299    0.557238
   1.7911316    0.549436
   1.7973333    0.541817
   1.8035309    0.534372
   1.8097326    0.527096
   1.8159343    0.519981
   1.8221319    0.513021
   1.8283336    0.506208
   1.8345353    0.499535
   1.8407329    0.492994
   1.8469346    0.486579
   1.8531322    0.480282
   1.8593339    0.474097
   1.8655356    0.468016
   1.8717332    0.462035
   1.8779349    0.456151
   1.8841366     0.45036
   1.8903342    0.444661
   1.8965359    0.439048
   1.9027376    0.433522
   1.9089352    0.428078
   1.9151369    0.422712
   1.9213386    0.417424
   1.9275362    0.412209
   1.9337379    0.407065
   1.9399355    0.401989
   1.9461372     0.39698
   1.9523389    0.392037
   1.9585365    0.387159
   1.9647382    0.382343
   1.9709399    0.377588
   1.9771375    0.372894
   1.9833392     0.36826
   1.9895409    0.363684
   1.9957385    0.359166
   2.0019402    0.354706
   2.0081419    0.350301
   2.0143395    0.345952
   2.0205412    0.341658
   2.0267429    0.337419
   2.0329405    0.333232
   2.0391422      0.3291
   2.0453398     0.32502
   2.0515415    0.320993
   2.0577432    0.317021
   2.0639408    0.313102
   2.0701425    0.309237
   2.0763442    0.305426
   2.0825418     0.30167
   2.0887435    0.297967
   2.0949452    0.294319
   2.1011428    0.290724
   2.1073445    0.287182
   2.1135462    0.283693
   2.1197438    0.280256
   2.1259455     0.27687
   2.1321431    0.273535
   2.1383448    0.270251
   2.1445465    0.267016
   2.1507441    0.263832
   2.1569458    0.260696
   2.1631475    0.257609
   2.1693451    0.254569
   2.1755468    0.251578
   2.1817485    0.248633
   2.1879461    0.245735
   2.1941478    0.242883
   2.2003495    0.240077
   2.2065471    0.237315
   2.2127488    0.234599
   2.2189464    0.231926
   2.2251481    0.229298
   2.2313498    0.226714
   2.2375474    0.224172
   2.2437491    0.221673
   2.2499508    0.219217
   2.2561484    0.216802
   2.2623501    0.214429
   2.2685518    0.212098
   2.2747494    0.209806
   2.2809511    0.207555
   2.2871528    0.205342
   2.2933504    0.203167
   2.2995521    0.201029
   2.3057497    0.198928
   2.3119514    0.196861
   2.3181531    0.194829
   2.3243507    0.192832
   2.3305524    0.190867
   2.3367541    0.188934
   2.3429517    0.187032
   2.3491534    0.185161
   2.3553551    0.183319
   2.3615527    0.181505
   2.3677544    0.179719
   2.3739561    0.177961
   2.3801537    0.176229
   2.3863554    0.174522
   2.3925571     0.17284
   2.3987547    0.171182
   2.4049564    0.169548
    2.411154    0.167936
   2.4173557    0.166346
   2.4235574    0.164778
    2.429755     0.16323
   2.4359567    0.161702
   2.4421584    0.160194
    2.448356    0.158703
   2.4545577    0.157231
   2.4607594    0.155776
    2.466957    0.154339
   2.4731587    0.152918
   2.4793604    0.151514
    2.485558    0.150126
   2.4917597    0.148754
   2.4979573    0.147398
    2.504159    0.146057
   2.5103607    0.144731
   2.5165583    0.143419
     2.52276    0.142122
   2.5289617    0.140839
   2.5351593    0.139571
    2.541361    0.138315
   2.5475627    0.137072
   2.5537603    0.135843
    2.559962    0.134627
   2.5661637    0.133423
   2.5723613    0.132233
    2.578563    0.131054
   2.5847606    0.129888
   2.5909623    0.128735
    2.597164    0.127594
   2.6033616    0.126465
   2.6095633    0.125348
    2.615765    0.124242
   2.6219626    0.123148
   2.6281643    0.122066
    2.634366    0.120995
   2.6405636    0.119936
   2.6467653    0.118888
    2.652967    0.117851
   2.6591646    0.116825
   2.6653663     0.11581
    2.671568    0.114805
   2.6777656    0.113811
   2.6839673    0.112827
   2.6901649    0.111854
   2.6963666     0.11089
   2.7025683    0.109936
   2.7087659    0.108992
   2.7149676    0.108058
   2.7211693    0.107133
   2.7273669    0.106217
   2.7335686    0.105311
   2.7397703    0.104414
   2.7459679    0.103526
   2.7521696    0.102647
   2.7583713    0.101777
   2.7645689    0.100915
   2.7707706    0.100062
   2.7769682   0.0992186
   2.7831699   0.0983832
   2.7893716   0.0975558
   2.7955692    0.096737
   2.8017709   0.0959264
   2.8079726   0.0951234
   2.8141702    0.094329
   2.8203719   0.0935422
   2.8265736   0.0927632
   2.8327712   0.0919922
   2.8389729   0.0912282
   2.8451746   0.0904724
   2.8513722   0.0897236
   2.8575739   0.0889824
   2.8637756   0.0882482
   2.8699732   0.0875212
   2.8761749    0.086801
   2.8823726   0.0860878
   2.8885742    0.085382
   2.8947759   0.0846824
   2.9009735   0.0839894
   2.9071752   0.0833038
   2.9133769   0.0826244
   2.9195745   0.0819516
   2.9257762   0.0812854
   2.9319779   0.0806252
   2.9381755    0.079972
   2.9443772   0.0793244
   2.9505789   0.0786836
   2.9567765   0.0780488
   2.9629782   0.0774202
   2.9691759   0.0767974
   2.9753775   0.0761808
   2.9815792     0.07557
   2.9877769   0.0749652
   2.9939785    0.074366
   3.0001802   0.0737728
   3.0063779   0.0731852
   3.0125795   0.0726028
   3.0187812   0.0720264
   3.0249789   0.0714554
   3.0311805   0.0708896
   3.0373822   0.0703296
   3.0435799   0.0697748
   3.0497815   0.0692256
   3.0559792   0.0686816
   3.0621809   0.0681428
   3.0683825   0.0676094
   3.0745802   0.0670812
   3.0807819   0.0665584
   3.0869835   0.0660404
   3.0931812   0.0655282
   3.0993829     0.06502
   3.1055845   0.0645178
   3.1117822     0.06402
   3.1179838   0.0635272
   3.1241855    0.063039
   3.1303832    0.062556
   3.1365848   0.0620772
   3.1427825    0.061603
   3.1489842    0.061134
   3.1551858   0.0606692
   3.1613835   0.0602086
   3.1675852    0.059753
   3.1737868   0.0593012
   3.1799845   0.0588538
   3.1861862   0.0584106
   3.1923878   0.0579716
   3.1985855   0.0575368
   3.2047872    0.057106
   3.2109888   0.0566794
   3.2171865   0.0562566
   3.2233882   0.0558376
   3.2295898   0.0554228
   3.2357875   0.0550114
   3.2419892   0.0546044
   3.2481868   0.0542006
   3.2543885   0.0538004
   3.2605902   0.0534044
   3.2667878   0.0530118
   3.2729895   0.0526226
   3.2791912   0.0522374
   3.2853888   0.0518554
   3.2915905   0.0514774
   3.2977922   0.0511024
   3.3039898   0.0507308
   3.3101915   0.0503628
   3.3163932   0.0499982
   3.3225908    0.049637
   3.3287925   0.0492792
   3.3349901   0.0489244
   3.3411918    0.048573
   3.3473935   0.0482248
   3.3535911     0.04788
   3.3597928   0.0475382
   3.3659945   0.0471998
   3.3721921   0.0468646
   3.3783938   0.0465318
   3.3845955   0.0462028
   3.3907931   0.0458766
   3.3969948   0.0455534
   3.4031965   0.0452336
   3.4093941   0.0449162
   3.4155958   0.0446026
   3.4217934   0.0442914
   3.4279951   0.0439832
   3.4341968   0.0436782
   3.4403944   0.0433758
   3.4465961   0.0430764
   3.4527978     0.04278
   3.4589954   0.0424862
   3.4651971   0.0421956
   3.4713988   0.0419076
   3.4775964   0.0416224
   3.4837981   0.0413396
   3.4899998   0.0410598
   3.4961974   0.0407826
   3.5023991   0.0405082
   3.5086008   0.0402364
   3.5147984   0.0399672
   3.5210001   0.0397004
   3.5271977   0.0394362
   3.5333994    0.039175
   3.5396011   0.0389158
   3.5457987   0.0386592
   3.5520004    0.038405
   3.5582021   0.0381534
   3.5643997   0.0379044
   3.5706014   0.0376574
   3.5768031    0.037413
   3.5830007   0.0371708
   3.5892024    0.036931
   3.5954041   0.0366936
   3.6016017   0.0364586
   3.6078034   0.0362258
    3.614001   0.0359952
   3.6202027   0.0357668
   3.6264044   0.0355404
    3.632602   0.0353164
   3.6388037    0.035095
   3.6450054   0.0348752
    3.651203   0.0346576
   3.6574047    0.034442
   3.6636064   0.0342284
    3.669804    0.034017
   3.6760057   0.0338074
   3.6822074      0.0336
    3.688405   0.0333944
   3.6946067   0.0331906
   3.7008043   0.0329888
    3.707006   0.0327884
   3.7132077   0.0325906
   3.7194053   0.0323938
    3.725607    0.032199
   3.7318087    0.032006
   3.7380063   0.0318146
    3.744208   0.0316248
   3.7504097   0.0314368
   3.7566073   0.0312502
    3.762809   0.0310652
   3.7690107    0.030882
   3.7752083      0.0307
     3.78141   0.0305196
   3.7876117   0.0303404
   3.7938093   0.0301628
    3.800011   0.0299864
   3.8062086   0.0298116
   3.8124103    0.029638
    3.818612    0.029466
   3.8248096   0.0292948
   3.8310113    0.029125
    3.837213   0.0289564
   3.8434106    0.028789
   3.8496123    0.028623
    3.855814   0.0284584
   3.8620116   0.0282946
   3.8682133    0.028132
    3.874415   0.0279706
   3.8806126   0.0278104
   3.8868143    0.027651
   3.8930119   0.0274928
   3.8992136   0.0273362
   3.9054153   0.0271804
   3.9116129   0.0270256
   3.9178146   0.0268718
   3.9240163   0.0267188
   3.9302139   0.0265676
   3.9364156   0.0264168
   3.9426173   0.0262672
   3.9488149   0.0261188
   3.9550166   0.0259714
   3.9612183   0.0258248
   3.9674159   0.0256796
   3.9736176   0.0255352
   3.9798152   0.0253916
   3.9860169   0.0252496
   3.9922186   0.0251086
   3.9984162    0.024968
   4.0046179    0.024829
   4.0108196    0.024691
   4.0170172   0.0245538
   4.0232189    0.024418
   4.0294206    0.024283
   4.0356182   0.0241494
   4.0418199   0.0240162
   4.0480216   0.0238846
   4.0542192   0.0237542
   4.0604209   0.0236246
   4.0666185   0.0234958
   4.0728202   0.0233684
   4.0790178   0.0232422
   4.0852114   0.0231166
   4.0914049   0.0229926
   4.0976392   0.0228696
   4.1038327   0.0227474
   4.1100263   0.0226264
   4.1162198   0.0225066
   4.1224134   0.0223878
   4.1286069     0.02227
   4.1348412   0.0221536
   4.1410347   0.0220382
   4.1472283   0.0219236
   4.1534218   0.0218104
   4.1596154   0.0216982
   4.1658089   0.0215874
   4.1720432   0.0214774
   4.1782367   0.0213688
   4.1844303   0.0212608
   4.1906238   0.0211544
   4.1968174   0.0210488
   4.2030109   0.0209446
   4.2092452   0.0208412
   4.2154387   0.0207394
   4.2216323   0.0206382
   4.2278258   0.0205386
   4.2340194   0.0204402
   4.2402129   0.0203428
   4.2464472    0.020246
   4.2526407    0.020151
   4.2588343   0.0200566
   4.2650278   0.0199634
   4.2712214   0.0198716
   4.2774149   0.0197806
   4.2836492   0.0196908
   4.2898427    0.019602
   4.2960363    0.019514
   4.3022298   0.0194274
   4.3084234   0.0193416
   4.3146169   0.0192568
   4.3208104    0.019173
   4.3270447   0.0190902
   4.3332383   0.0190084
   4.3394318   0.0189274
   4.3456254   0.0188474
   4.3518189   0.0187682
   4.3580124     0.01869
   4.3642467    0.018613
   4.3704403   0.0185366
   4.3766338   0.0184606
   4.3828274    0.018386
   4.3890209   0.0183118
   4.3952144   0.0182388
   4.4014487   0.0181662
   4.4076423   0.0180946
   4.4138358   0.0180238
   4.4200294   0.0179538
   4.4262229   0.0178846
   4.4324164   0.0178158
   4.4386507   0.0177478
   4.4448443   0.0176808
   4.4510378   0.0176142
   4.4572314   0.0175482
   4.4634249    0.017483
   4.4696184   0.0174182
   4.4758527   0.0173542
   4.4820463    0.017291
   4.4882398    0.017228
   4.4944333   0.0171658
   4.5006269   0.0171042
   4.5068204    0.017043
   4.5130547   0.0169824
   4.5192483   0.0169222
   4.5254418   0.0168626
   4.5316353   0.0168036
   4.5378289   0.0167446
   4.5440224   0.0166866
   4.5502567    0.016629
   4.5564503   0.0165716
   4.5626438   0.0165144
   4.5688373   0.0164582
   4.5750309   0.0164018
   4.5812244   0.0163462
   4.5874587    0.016291
   4.5936523   0.0162362
   4.5998458   0.0161816
   4.6060393   0.0161274
   4.6122329   0.0160732
   4.6184264     0.01602
   4.6246607   0.0159668
   4.6308543    0.015914
   4.6370478   0.0158618
   4.6432413   0.0158098
   4.6494349   0.0157582
   4.6556284    0.015707
   4.6618627   0.0156558
   4.6680563   0.0156056
   4.6742498   0.0155554
   4.6804433   0.0155054
   4.6866369    0.015456
   4.6928304   0.0154068
   4.6990647    0.015358
   4.7052583   0.0153092
   4.7114518   0.0152612
   4.7176453   0.0152134
   4.7238389    0.015166
   4.7300324   0.0151188
   4.7362667   0.0150718
   4.7424603   0.0150256
   4.7486538   0.0149792
   4.7548473   0.0149336
   4.7610409    0.014888
   4.7672344   0.0148428
    4.773428   0.0147978
   4.7796623   0.0147532
   4.7858558   0.0147092
   4.7920493   0.0146652
   4.7982429   0.0146218
   4.8044364   0.0145784
     4.81063   0.0145354
   4.8168643    0.014493
   4.8230578    0.014451
   4.8292513   0.0144086
   4.8354449    0.014367
   4.8416384   0.0143258
    4.847832   0.0142844
   4.8540663    0.014244
   4.8602598   0.0142032
   4.8664533   0.0141632
   4.8726469   0.0141236
   4.8788404   0.0140838
    4.885034   0.0140446
   4.8912683   0.0140058
   4.8974618    0.013967
   4.9036553   0.0139286
   4.9098489   0.0138906
   4.9160424    0.013853
    4.922236   0.0138156
   4.9284702    0.013778
   4.9346638   0.0137412
   4.9408573   0.0137048
   4.9470509   0.0136682
   4.9532444   0.0136324
    4.959438   0.0135964
   4.9656722   0.0135612
   4.9718658   0.0135256
   4.9780593   0.0134908
   4.9842529    0.013456
   4.9904464   0.0134218
     4.99664   0.0133874
   5.0028742   0.0133534
   5.0090678   0.0133194
   5.0152613   0.0132858
   5.0214549   0.0132524
   5.0276484    0.013219
    5.033842   0.0131862
   5.0400762   0.0131534
   5.0462698   0.0131206
   5.0524633   0.0130882
   5.0586569    0.013056
   5.0648504    0.013024
    5.071044    0.012992
   5.0772782   0.0129606
   5.0834718   0.0129294
   5.0896653   0.0128982
   5.0958589   0.0128672
   5.1020524    0.012836
    5.108246   0.0128056
   5.1144802   0.0127752
   5.1206738    0.012745
   5.1268673   0.0127148
   5.1330609   0.0126852
   5.1392544   0.0126554
    5.145448   0.0126262
   5.1516822   0.0125968
   5.1578758   0.0125678
   5.1640693    0.012539
   5.1702629   0.0125106
   5.1764564   0.0124822
     5.18265    0.012454
   5.1888842    0.012426
   5.1950778    0.012398
   5.2012713   0.0123708
   5.2074649   0.0123434
   5.2136584   0.0123162
   5.2198519    0.012289
   5.2260455   0.0122626
   5.2322798   0.0122358
   5.2384733   0.0122096
   5.2446669   0.0121834
   5.2508604   0.0121576
   5.2570539   0.0121318
   5.2632475    0.012106
   5.2694818   0.0120808
   5.2756753   0.0120556
   5.2818689   0.0120308
   5.2880624    0.012006
   5.2942559   0.0119816
   5.3004495   0.0119574
   5.3066838    0.011933
   5.3128773   0.0119092
   5.3190709   0.0118854
   5.3252644    0.011862
   5.3314579   0.0118386
   5.3376515   0.0118156
   5.3438858   0.0117926
   5.3500793   0.0117698
   5.3562729   0.0117472
   5.3624664   0.0117246
   5.3686599   0.0117022
   5.3748535   0.0116802
   5.3810878   0.0116582
   5.3872813   0.0116364
   5.3934749   0.0116148
   5.3996684   0.0115932
   5.4058619   0.0115722
   5.4120555   0.0115514
   5.4182898    0.011531
   5.4244833   0.0115106
   5.4306769     0.01149
   5.4368704     0.01147
   5.4430639   0.0114504
   5.4492575   0.0114312
   5.4554918    0.011412
   5.4616853    0.011393
   5.4678789   0.0113744
   5.4740724    0.011356
   5.4802659    0.011338
   5.4864595   0.0113206
   5.4926938    0.011303
   5.4988873   0.0112862
   5.5050809   0.0112692
   5.5112744   0.0112528
   5.5174679   0.0112368
   5.5236615    0.011221
   5.5298958   0.0112054
   5.5360893   0.0111906
   5.5422829   0.0111756
   5.5484764   0.0111612
   5.5546699   0.0111474
   5.5608635   0.0111334
   5.5670978   0.0111202
   5.5732913   0.0111072
   5.5794849   0.0110948
   5.5856784   0.0110824
   5.5918719   0.0110708
   5.5980655   0.0110592
   5.6042998   0.0110486
   5.6104933   0.0110378
   5.6166869   0.0110276
   5.6228804    0.011018
   5.6290739   0.0110086
   5.6352675   0.0109998
   5.6415018   0.0109916
   5.6476953   0.0109836
   5.6538888   0.0109764
   5.6600824   0.0109696
   5.6662759   0.0109636
   5.6724695    0.010958
   5.6787038   0.0109534
   5.6848973   0.0109488
   5.6910908   0.0109452
   5.6972844   0.0109424
   5.7034779   0.0109402
