 0.023512397     5780.72
 0.029643718     2224.32
 0.035775039     1200.68
 0.041906238     729.954
 0.048037845     467.511
 0.054169044     321.527
 0.060300243     244.207
 0.066431849       186.1
 0.072563048     141.383
 0.078694247     115.727
 0.084825446     100.586
 0.090957053     87.1504
 0.097088252     75.4289
  0.10321986     68.3908
  0.10935106     64.8219
  0.11548226     62.0939
  0.12161346     59.2849
  0.12774506     56.3066
  0.13387626     53.2398
  0.14000746     50.3183
  0.14613907     47.8579
  0.15227027     46.1753
  0.15840146     45.2949
  0.16453307      45.047
  0.17066427     45.2124
  0.17679547     45.5738
  0.18292708     45.9504
  0.18905828      46.219
  0.19518947     46.2873
  0.20132108      46.093
  0.20745228     45.6813
  0.21358348     45.1443
  0.21971468     44.5729
  0.22584628     44.0369
  0.23197748     43.5618
  0.23810868     43.1475
  0.24424029     42.7762
  0.25037149     42.4294
  0.25650269     42.0924
  0.26263429     41.7482
  0.26876549     41.3777
  0.27489669     40.9686
   0.2810283     40.5136
   0.2871595     40.0144
   0.2932907     39.4752
   0.2994223     38.9011
   0.3055535     38.2992
   0.3116847     37.6787
  0.31781631      37.042
  0.32394751     36.3854
  0.33007871     35.7049
  0.33621031     34.9971
  0.34234151     34.2592
  0.34847271     33.4885
  0.35460391     32.6864
  0.36073552     31.8606
  0.36686671     31.0188
  0.37299791     30.1684
  0.37912952     29.3163
  0.38526072     28.4693
  0.39139192     27.6341
  0.39752352     26.8144
  0.40365472     26.0101
  0.40978429     25.2209
  0.41591671     24.4461
  0.42204914     23.6845
  0.42818156     22.9344
   0.4343099     22.1942
  0.44044233     21.4624
  0.44657475     20.7392
  0.45270717     20.0259
  0.45883552     19.3237
  0.46496794     18.6339
  0.47110036     17.9576
  0.47722871     17.2959
  0.48336113       16.65
  0.48949355     16.0211
  0.49562597     15.4101
  0.50175432     14.8175
  0.50788674     14.2438
  0.51401916     13.6893
  0.52015158     13.1541
  0.52627993     12.6384
  0.53241235     12.1423
  0.53854477     11.6657
  0.54467719     11.2087
  0.55080554     10.7709
  0.55693796     10.3518
  0.56307038     9.95043
  0.56919873     9.56592
  0.57533115     9.19737
  0.58146357      8.8439
  0.58759599      8.5046
  0.59372434     8.17858
  0.59985676     7.86491
  0.60598918      7.5627
   0.6121216     7.27102
  0.61824995     6.98901
  0.62438237     6.71612
  0.63051479     6.45221
  0.63664721     6.19724
  0.64277556     5.95123
  0.64890798     5.71415
   0.6550404     5.48601
  0.66116875      5.2668
  0.66730117     5.05652
  0.67343359     4.85515
  0.67956602     4.66269
  0.68569436     4.47914
  0.69182678     4.30452
  0.69795921     4.13877
  0.70409163     3.98156
  0.71021997     3.83253
  0.71635239     3.69132
  0.72248482     3.55757
  0.72861316     3.43086
  0.73474558     3.31077
  0.74087801     3.19687
  0.74701043     3.08874
  0.75313877     2.98596
   0.7592712     2.88817
  0.76540362     2.79499
  0.77153604     2.70604
  0.77766439     2.62095
  0.78379681     2.53944
  0.78992923     2.46133
  0.79606165     2.38645
     0.80219     2.31464
  0.80832242     2.24572
  0.81445484     2.17954
  0.82058319     2.11591
  0.82671561     2.05467
  0.83284803     1.99566
  0.83898045     1.93875
   0.8451088     1.88384
  0.85124122     1.83086
  0.85737364      1.7797
  0.86350606     1.73026
  0.86963441     1.68247
  0.87576683     1.63623
  0.88189925     1.59149
  0.88803167      1.5482
  0.89416002     1.50633
  0.90029244     1.46581
  0.90642486     1.42661
  0.91255321     1.38868
  0.91868563     1.35197
  0.92481805     1.31643
  0.93095047     1.28203
  0.93707882     1.24871
  0.94321124     1.21642
  0.94934366     1.18514
  0.95547608     1.15484
  0.96160443     1.12548
  0.96773685     1.09705
  0.97386927      1.0695
  0.97999762     1.04281
  0.98613004     1.01695
  0.99226246    0.991904
  0.99839489    0.967646
   1.0045232    0.944155
   1.0106557    0.921411
   1.0167881     0.89939
   1.0229205    0.878072
   1.0290488    0.857435
   1.0351813    0.837458
   1.0413137    0.818118
   1.0474461    0.799394
   1.0535745    0.781264
   1.0597069    0.763705
   1.0658393    0.746697
   1.0719676    0.730216
   1.0781001     0.71424
   1.0842325    0.698748
   1.0903649    0.683717
   1.0964933    0.669125
   1.1026257    0.654951
   1.1087581    0.641178
   1.1148905    0.627789
   1.1210189    0.614773
   1.1271513    0.602121
   1.1332837     0.58982
   1.1394161    0.577863
   1.1455445    0.566236
   1.1516769    0.554932
   1.1578093    0.543939
   1.1639377    0.533246
   1.1700701    0.522844
   1.1762025    0.512722
   1.1823349     0.50287
   1.1884633    0.493277
   1.1945957    0.483934
   1.2007281    0.474831
   1.2068605    0.465959
   1.2129889    0.457311
   1.2191213    0.448876
   1.2252537    0.440646
   1.2313821    0.432613
   1.2375145    0.424768
   1.2436469    0.417102
   1.2497793    0.409609
   1.2559077    0.402283
   1.2620401    0.395119
   1.2681725    0.388111
    1.274305    0.381255
   1.2804333    0.374545
   1.2865657    0.367978
   1.2926981    0.361551
   1.2988306     0.35526
   1.3049589    0.349102
   1.3110913    0.343074
   1.3172238    0.337172
   1.3233521    0.331394
   1.3294845    0.325736
   1.3356169    0.320194
   1.3417494    0.314766
   1.3478777    0.309448
   1.3540101    0.304237
   1.3601426    0.299129
    1.366275    0.294122
   1.3724033    0.289212
   1.3785357    0.284396
   1.3846682    0.279671
   1.3908006    0.275034
   1.3969289    0.270485
   1.4030614    0.266019
   1.4091938    0.261636
   1.4153221    0.257334
   1.4214545     0.25311
    1.427587    0.248964
   1.4337194    0.244893
   1.4398477    0.240896
   1.4459802    0.236973
   1.4521126    0.233123
    1.458245    0.229344
   1.4643733    0.225635
   1.4705058    0.221994
   1.4766382    0.218421
   1.4827665    0.214914
    1.488899    0.211471
   1.4950314    0.208092
   1.5011638    0.204775
   1.5072921    0.201517
   1.5134246     0.19832
    1.519557    0.195181
   1.5256894    0.192101
   1.5318178    0.189079
   1.5379502    0.186113
   1.5440826    0.183204
    1.550215    0.180351
   1.5563434    0.177552
   1.5624758    0.174808
   1.5686082    0.172116
   1.5747366    0.169475
    1.580869    0.166885
   1.5870014    0.164345
   1.5931338    0.161853
   1.5992622    0.159408
   1.6053946    0.157009
    1.611527    0.154655
   1.6176594    0.152345
   1.6237878    0.150077
   1.6299202    0.147852
   1.6360526    0.145667
    1.642181    0.143521
   1.6483134    0.141415
   1.6544458    0.139345
   1.6605782    0.137312
   1.6667066    0.135314
    1.672839     0.13335
   1.6789714    0.131418
   1.6851038    0.129519
   1.6912322    0.127651
   1.6973646    0.125812
    1.703497    0.124002
   1.7096295     0.12222
   1.7157578    0.120465
   1.7218902    0.118737
   1.7280226    0.117034
    1.734151    0.115357
   1.7402834    0.113704
   1.7464158    0.112075
   1.7525483     0.11047
   1.7586766    0.108888
    1.764809     0.10733
   1.7709414    0.105795
   1.7770739    0.104282
   1.7832022    0.102791
   1.7893346    0.101323
   1.7954671   0.0998762
   1.8015995   0.0984518
   1.8077278   0.0970484
   1.8138603   0.0956668
   1.8199927   0.0943056
    1.826121   0.0929656
   1.8322534   0.0916468
   1.8383859   0.0903482
   1.8445183   0.0890702
   1.8506466   0.0878128
   1.8567791   0.0865752
   1.8629115   0.0853582
   1.8690439   0.0841612
   1.8751722   0.0829842
   1.8813047   0.0818264
   1.8874371   0.0806888
   1.8935695   0.0795706
   1.8996979   0.0784714
   1.9058303   0.0773918
   1.9119627    0.076331
    1.918091   0.0752894
   1.9242235   0.0742662
   1.9303559   0.0732624
   1.9364883   0.0722768
   1.9426167   0.0713098
   1.9487491   0.0703612
   1.9548815   0.0694306
   1.9610139   0.0685182
   1.9671423    0.067623
   1.9732747   0.0667452
   1.9794071   0.0658844
   1.9855355   0.0650404
   1.9916679   0.0642126
   1.9978003   0.0634006
   2.0039327   0.0626046
   2.0100611    0.061824
   2.0161935   0.0610582
   2.0223259   0.0603068
   2.0284583   0.0595702
   2.0345867   0.0588476
   2.0407191   0.0581388
   2.0468515   0.0574434
   2.0529839   0.0567612
   2.0591123   0.0560918
   2.0652447   0.0554346
   2.0713771   0.0547898
   2.0775055    0.054157
   2.0836379   0.0535356
   2.0897703   0.0529252
   2.0959027   0.0523258
   2.1020311   0.0517368
   2.1081635   0.0511582
   2.1142959   0.0505898
   2.1204284   0.0500306
   2.1265567   0.0494812
   2.1326891   0.0489404
   2.1388215   0.0484088
   2.1449499   0.0478856
   2.1510823    0.047371
   2.1572147   0.0468638
   2.1633472   0.0463648
   2.1694755   0.0458736
   2.1756079   0.0453894
   2.1817403   0.0449122
   2.1878728   0.0444422
   2.1940011   0.0439784
   2.2001335   0.0435214
    2.206266   0.0430706
   2.2123984    0.042626
   2.2185267   0.0421878
   2.2246591   0.0417548
   2.2307916   0.0413282
   2.2369199   0.0409072
   2.2430523   0.0404918
   2.2491848   0.0400816
   2.2553172   0.0396766
   2.2614455   0.0392772
   2.2675779   0.0388822
   2.2737104   0.0384922
   2.2798428   0.0381074
   2.2859711   0.0377274
   2.2921036   0.0373516
    2.298236   0.0369806
   2.3043684    0.036614
   2.3104967   0.0362518
   2.3166292   0.0358936
   2.3227616     0.03554
   2.3288899   0.0351904
   2.3350224   0.0348448
   2.3411548   0.0345036
   2.3472872    0.034166
   2.3534155   0.0338326
    2.359548   0.0335028
   2.3656804   0.0331768
   2.3718128    0.032855
   2.3779412   0.0325364
   2.3840736   0.0322216
    2.390206   0.0319106
   2.3963384    0.031603
   2.4024668   0.0312988
   2.4085992   0.0309982
   2.4147316   0.0307008
     2.42086   0.0304072
   2.4269924   0.0301162
   2.4331248   0.0298294
   2.4392572   0.0295456
   2.4453856   0.0292648
    2.451518   0.0289878
   2.4576504   0.0287136
   2.4637828   0.0284434
   2.4699112   0.0281758
   2.4760436   0.0279114
    2.482176   0.0276504
   2.4883044    0.027392
   2.4944368    0.027137
   2.5005692    0.026885
   2.5067016   0.0266358
     2.51283   0.0263896
   2.5189624    0.026146
   2.5250948   0.0259054
   2.5312272   0.0256674
   2.5373556    0.025432
    2.543488   0.0251992
   2.5496204   0.0249694
   2.5557529    0.024742
   2.5618812   0.0245172
   2.5680136   0.0242946
    2.574146    0.024075
   2.5802744   0.0238572
   2.5864068    0.023642
   2.5925392   0.0234292
   2.5986717   0.0232186
      2.6048   0.0230102
   2.6109324   0.0228042
   2.6170648   0.0226004
   2.6231973   0.0223986
   2.6293256   0.0221988
    2.635458   0.0220012
   2.6415905   0.0218056
   2.6477229    0.021612
   2.6538512   0.0214204
   2.6599836   0.0212308
   2.6661161   0.0210432
   2.6722444   0.0208574
   2.6783768   0.0206736
   2.6845093   0.0204914
   2.6906417    0.020311
     2.69677   0.0201324
   2.7029024   0.0199558
   2.7090349   0.0197806
   2.7151673   0.0196072
   2.7212956   0.0194354
   2.7274281   0.0192652
   2.7335605   0.0190966
   2.7396888   0.0189296
   2.7458212   0.0187644
   2.7519537   0.0186002
   2.7580861   0.0184378
   2.7642144   0.0182766
   2.7703469    0.018117
   2.7764793   0.0179588
   2.7826117   0.0178024
     2.78874    0.017647
   2.7948725   0.0174932
   2.8010049   0.0173408
   2.8071373   0.0171898
   2.8132657   0.0170402
   2.8193981   0.0168922
   2.8255305   0.0167454
   2.8316589   0.0166002
   2.8377913    0.016456
   2.8439237   0.0163138
   2.8500561   0.0161724
   2.8561845   0.0160324
   2.8623169   0.0158936
   2.8684493    0.015757
   2.8745817   0.0156206
   2.8807101   0.0154864
   2.8868425    0.015353
   2.8929749   0.0152216
   2.8991033    0.015091
   2.9052357   0.0149614
   2.9113681   0.0148334
   2.9175005    0.014707
   2.9236289   0.0145814
   2.9297613   0.0144572
   2.9358937   0.0143348
   2.9420261   0.0142128
   2.9481545   0.0140926
   2.9542869   0.0139738
   2.9604193    0.013856
   2.9665517    0.013739
   2.9726801   0.0136236
   2.9788125   0.0135094
   2.9849449   0.0133964
   2.9910733    0.013285
   2.9972057   0.0131746
   3.0033381   0.0130652
   3.0094706    0.012957
   3.0155989   0.0128504
   3.0217313   0.0127446
   3.0278637     0.01264
   3.0339962   0.0125368
   3.0401245   0.0124348
   3.0462569   0.0123338
   3.0523894   0.0122338
   3.0585218   0.0121352
   3.0646501    0.012038
   3.0707825   0.0119416
    3.076915   0.0118466
   3.0830433   0.0117524
   3.0891757   0.0116594
   3.0953082    0.011568
   3.1014406   0.0114772
   3.1075689   0.0113878
   3.1137013   0.0112992
   3.1198338   0.0112124
   3.1259662    0.011126
   3.1320945    0.011041
    3.138227    0.010957
   3.1443594    0.010874
   3.1504877   0.0107922
   3.1566201   0.0107112
   3.1627526   0.0106314
    3.168885   0.0105524
   3.1750133    0.010475
   3.1811458    0.010398
   3.1872782   0.0103222
   3.1934106   0.0102476
   3.1995389    0.010174
   3.2056714    0.010101
   3.2118038   0.0100294
   3.2179362   0.0099588
   3.2240646    0.009889
    3.230197     0.00982
   3.2363294    0.009752
   3.2424577   0.0096848
   3.2485902   0.0096186
   3.2547226   0.0095536
    3.260855   0.0094892
   3.2669834    0.009426
   3.2731158   0.0093634
   3.2792482   0.0093018
   3.2853806   0.0092414
    3.291509   0.0091812
   3.2976414   0.0091222
   3.3037738   0.0090642
   3.3099062   0.0090068
   3.3160346     0.00895
    3.322167   0.0088944
   3.3282994   0.0088398
   3.3344278   0.0087856
   3.3405602   0.0087324
   3.3466926     0.00868
    3.352825    0.008628
   3.3589534   0.0085774
   3.3650858   0.0085272
   3.3712182   0.0084778
   3.3773506    0.008429
    3.383479   0.0083812
   3.3896114    0.008334
   3.3957438   0.0082878
   3.4018763    0.008242
   3.4080046   0.0081968
    3.414137   0.0081528
   3.4202694    0.008109
   3.4263978   0.0080658
   3.4325302   0.0080236
   3.4386626    0.007982
   3.4447951   0.0079412
   3.4509234    0.007901
   3.4570558   0.0078608
   3.4631882    0.007822
   3.4693207   0.0077836
    3.475449    0.007746
   3.4815814   0.0077088
   3.4877139    0.007672
   3.4938422   0.0076358
   3.4999746   0.0076006
    3.506107   0.0075654
   3.5122395   0.0075308
   3.5183678    0.007497
   3.5245002   0.0074638
   3.5306327   0.0074312
   3.5367651    0.007399
   3.5428934    0.007367
   3.5490258   0.0073358
   3.5551583   0.0073052
   3.5612907   0.0072752
    3.567419   0.0072454
   3.5735515   0.0072162
   3.5796839   0.0071874
   3.5858122   0.0071592
   3.5919446   0.0071314
   3.5980771   0.0071036
   3.6042095   0.0070768
   3.6103378   0.0070506
   3.6164703   0.0070244
   3.6226027   0.0069984
   3.6287351   0.0069734
   3.6348634   0.0069486
   3.6409959   0.0069242
   3.6471283   0.0068998
   3.6532607   0.0068758
   3.6593891   0.0068524
   3.6655215   0.0068292
   3.6716539   0.0068066
   3.6777822    0.006784
   3.6839147   0.0067618
   3.6900471   0.0067402
   3.6961795   0.0067186
   3.7023079   0.0066972
   3.7084403    0.006676
   3.7145727   0.0066552
   3.7207051   0.0066348
   3.7268335   0.0066146
   3.7329659   0.0065946
   3.7390983   0.0065746
   3.7452267    0.006555
   3.7513591   0.0065356
   3.7574915   0.0065164
   3.7636239   0.0064972
   3.7697523   0.0064782
   3.7758847   0.0064596
   3.7820171    0.006441
   3.7881495   0.0064226
   3.7942779    0.006404
   3.8004103   0.0063858
   3.8065427   0.0063678
   3.8126751     0.00635
   3.8188035    0.006332
   3.8249359   0.0063142
   3.8310683   0.0062964
   3.8371967    0.006279
   3.8433291   0.0062612
   3.8494615   0.0062436
   3.8555939   0.0062258
   3.8617223   0.0062086
   3.8678547   0.0061912
   3.8739871   0.0061736
   3.8801196   0.0061562
   3.8862479   0.0061392
   3.8923803   0.0061214
   3.8985127    0.006104
   3.9046411   0.0060868
   3.9107735   0.0060694
   3.9169059   0.0060522
   3.9230384   0.0060352
   3.9291667    0.006018
   3.9352991   0.0060008
   3.9414315    0.005984
    3.947564   0.0059668
   3.9536923     0.00595
   3.9598247    0.005933
   3.9659572   0.0059162
   3.9720896   0.0058998
   3.9782179    0.005883
   3.9843503   0.0058668
   3.9904828     0.00585
   3.9966111    0.005834
   4.0027435   0.0058178
    4.008876   0.0058016
   4.0150084   0.0057858
   4.0211367   0.0057698
   4.0272692   0.0057542
   4.0334016    0.005739
    4.039534   0.0057232
   4.0456623    0.005708
   4.0517948   0.0056926
   4.0579272   0.0056774
   4.0640596   0.0056624
    4.070188   0.0056476
