 0.062361633     1182.39
  0.06855762     891.262
 0.074753199     651.017
 0.080949186     479.723
 0.087145172     365.761
 0.093341159     287.452
 0.099536738      230.86
  0.10573273     189.529
  0.11192871     159.087
   0.1181247     135.531
  0.12432069     116.427
  0.13051626     100.575
  0.13671225     87.7191
  0.14290824     77.8961
  0.14910423     70.7367
  0.15530021     65.2556
  0.16149579     60.7164
  0.16769178     56.9279
  0.17388776     53.7772
  0.18008375     51.0995
  0.18627933     48.7415
  0.19247532     46.6689
   0.1986713      44.943
  0.20486729     43.5989
  0.21106328     42.6413
  0.21725886     42.0347
  0.22345484     41.6899
  0.22965083     41.5161
  0.23584682     41.4311
   0.2420424     41.3733
  0.24823838      41.301
  0.25443437     41.1736
  0.26063036     40.9726
  0.26682634     40.7247
  0.27302192     40.4688
  0.27921791     40.2415
   0.2854139      40.054
  0.29160988      39.906
  0.29780546       39.79
  0.30400145     39.6891
  0.31019744     39.5944
  0.31639342     39.4984
  0.32258941     39.3917
  0.32878499     39.2659
  0.33498098     39.1248
  0.34117696     38.9759
  0.34737295     38.8254
  0.35356894     38.6796
  0.35976451     38.5476
   0.3659605     38.4403
  0.37215649     38.3591
  0.37835248     38.3008
  0.38454805     38.2623
  0.39074404     38.2339
  0.39694003     38.1993
  0.40313601     38.1422
    0.409332     38.0482
  0.41552962     37.9086
  0.42172316     37.7222
  0.42792078     37.4989
  0.43411432       37.25
  0.44031194     36.9868
  0.44650548     36.7207
  0.45270309     36.4632
  0.45890071     36.2197
  0.46509425     35.9895
  0.47129187     35.7714
  0.47748541     35.5637
  0.48368303     35.3646
  0.48987657     35.1725
  0.49607419      34.986
   0.5022718     34.8042
  0.50846534     34.6261
  0.51466296     34.4499
   0.5208565     34.2727
  0.52705412     34.0915
  0.53325174     33.9036
  0.53944528     33.7066
   0.5456429     33.4986
  0.55183644     33.2777
  0.55803405     33.0422
   0.5642276     32.7902
  0.57042521     32.5206
  0.57662283     32.2334
  0.58281637     31.9283
  0.58901399     31.6056
  0.59520753     31.2667
  0.60140515     30.9126
  0.60759869     30.5448
   0.6137963     30.1646
  0.61999392     29.7732
  0.62618746     29.3721
  0.63238508     28.9627
  0.63857862     28.5467
  0.64477624      28.126
  0.65097386     27.7022
   0.6571674     27.2773
  0.66336501      26.853
  0.66955856     26.4311
  0.67575617     26.0133
  0.68194971      25.601
  0.68814733     25.1948
  0.69434495     24.7956
  0.70053849     24.4036
  0.70673611     24.0191
  0.71292965      23.642
  0.71912726     23.2721
  0.72532081     22.9095
  0.73151842     22.5541
  0.73771604     22.2058
  0.74390958     21.8645
   0.7501072     21.5299
  0.75630074     21.2016
  0.76249836     20.8793
  0.76869597     20.5627
  0.77488952     20.2515
  0.78108713     19.9453
  0.78728067     19.6439
  0.79347829     19.3469
  0.79967183     19.0542
  0.80586945     18.7653
  0.81206707     18.4801
  0.81826061     18.1981
  0.82445822     17.9192
  0.83065177      17.643
  0.83684938     17.3693
  0.84304293     17.0977
  0.84924054     16.8279
  0.85543816     16.5598
   0.8616317      16.293
  0.86782932     16.0273
  0.87402286     15.7627
  0.88022048      15.499
  0.88641402     15.2365
  0.89261163     14.9753
  0.89880925     14.7157
  0.90500279     14.4577
  0.91120041     14.2017
  0.91739395     13.9479
  0.92359157     13.6963
  0.92978918     13.4473
  0.93598273      13.201
  0.94218034     12.9577
  0.94837389     12.7175
   0.9545715     12.4805
  0.96076504     12.2469
  0.96696266     12.0167
  0.97316028       11.79
  0.97935382      11.567
  0.98555144     11.3476
  0.99174498     11.1318
  0.99794259     10.9196
   1.0041361     10.7111
   1.0103338     10.5063
   1.0165314     10.3051
   1.0227249     10.1077
   1.0289225     9.91391
   1.0351161      9.7238
   1.0413137     9.53727
   1.0475113     9.35427
   1.0537048     9.17471
   1.0599025     8.99854
    1.066096     8.82569
   1.0722936     8.65609
   1.0784872     8.48967
   1.0846848     8.32637
   1.0908824     8.16613
   1.0970759     8.00891
   1.1032736     7.85467
   1.1094671     7.70337
   1.1156647     7.55497
   1.1218583     7.40942
   1.1280559     7.26668
   1.1342535      7.1267
    1.140447     6.98944
   1.1466446     6.85487
   1.1528382     6.72292
   1.1590358     6.59356
   1.1652334     6.46675
    1.171427     6.34243
   1.1776246     6.22057
   1.1838181     6.10113
   1.1900157     5.98406
   1.1962093     5.86932
   1.2024069     5.75688
   1.2086045     5.64669
   1.2147981     5.53872
   1.2209957     5.43292
   1.2271892     5.32927
   1.2333868     5.22773
   1.2395804     5.12826
    1.245778     5.03082
   1.2519756     4.93539
   1.2581691     4.84192
   1.2643668     4.75039
   1.2705603     4.66075
   1.2767579     4.57297
   1.2829555     4.48704
   1.2891491      4.4029
   1.2953467     4.32054
   1.3015402     4.23993
   1.3077379     4.16102
   1.3139314     4.08379
    1.320129     4.00821
   1.3263266     3.93421
   1.3325202     3.86177
   1.3387178     3.79083
   1.3449113     3.72134
   1.3511089     3.65327
   1.3573025     3.58657
   1.3635001     3.52121
   1.3696977     3.45715
   1.3758913     3.39438
   1.3820889     3.33284
   1.3882824     3.27251
     1.39448     3.21336
   1.4006736     3.15535
   1.4068712     3.09845
   1.4130688     3.04263
   1.4192624     2.98785
     1.42546     2.93409
   1.4316535     2.88131
   1.4378511      2.8295
   1.4440488     2.77866
   1.4502423     2.72877
   1.4564399     2.67982
   1.4626335     2.63179
   1.4688311     2.58467
   1.4750246     2.53846
   1.4812222     2.49314
   1.4874198     2.44869
   1.4936134     2.40511
    1.499811     2.36237
   1.5060045     2.32048
   1.5122022     2.27942
   1.5183957     2.23917
   1.5245933     2.19973
   1.5307909     2.16108
   1.5369845      2.1232
   1.5431821      2.0861
   1.5493756     2.04976
   1.5555733     2.01416
   1.5617709      1.9793
   1.5679644     1.94515
    1.574162     1.91172
   1.5803556     1.87897
   1.5865532     1.84691
   1.5927467     1.81552
   1.5989443     1.78479
    1.605142      1.7547
   1.6113355     1.72524
   1.6175331     1.69639
   1.6237267     1.66815
   1.6299243     1.64051
   1.6361178     1.61344
   1.6423154     1.58694
   1.6485131     1.56099
   1.6547066     1.53558
   1.6609042     1.51069
   1.6670978     1.48632
   1.6732954     1.46246
    1.679493     1.43908
   1.6856865     1.41618
   1.6918841     1.39374
   1.6980777     1.37176
   1.7042753     1.35023
   1.7104688     1.32914
   1.7166665     1.30847
   1.7228641     1.28822
   1.7290576     1.26838
   1.7352552     1.24893
   1.7414488     1.22988
   1.7476464      1.2112
   1.7538399     1.19289
   1.7600376     1.17494
   1.7662352     1.15733
   1.7724287     1.14007
   1.7786263     1.12313
   1.7848199     1.10652
   1.7910175     1.09021
   1.7972151      1.0742
   1.8034086     1.05849
   1.8096063     1.04306
   1.8157998     1.02791
   1.8219974     1.01302
    1.828191    0.998396
   1.8343886    0.984027
   1.8405862    0.969907
   1.8467797    0.956033
   1.8529774    0.942399
   1.8591709    0.929001
   1.8653685    0.915833
   1.8715621    0.902892
   1.8777597    0.890171
   1.8839573    0.877669
   1.8901508     0.86538
   1.8963484    0.853304
    1.902542    0.841438
   1.9087396     0.82978
   1.9149332    0.818327
   1.9211308    0.807078
   1.9273284    0.796029
   1.9335219    0.785179
   1.9397195    0.774524
   1.9459131    0.764064
   1.9521107    0.753795
   1.9583083    0.743715
   1.9645019    0.733822
   1.9706995    0.724114
    1.976893    0.714587
   1.9830906    0.705241
   1.9892842    0.696071
   1.9954818    0.687075
   2.0016794    0.678248
    2.007873    0.669589
   2.0140706    0.661093
   2.0202641    0.652758
   2.0264617    0.644579
   2.0326553    0.636554
   2.0388529    0.628678
   2.0450505    0.620951
    2.051244    0.613367
   2.0574417    0.605923
   2.0636352    0.598618
   2.0698328    0.591448
   2.0760304     0.58441
    2.082224    0.577501
   2.0884216    0.570718
   2.0946151     0.56406
   2.1008128    0.557522
   2.1070063    0.551101
   2.1132039    0.544795
   2.1194015      0.5386
   2.1255951    0.532513
   2.1317927    0.526531
   2.1379862    0.520652
   2.1441838    0.514871
   2.1503774    0.509186
    2.156575    0.503594
   2.1627726    0.498093
   2.1689662    0.492681
   2.1751638    0.487356
   2.1813573    0.482115
   2.1875549    0.476957
   2.1937526    0.471878
   2.1999461    0.466878
   2.2061437    0.461953
   2.2123373    0.457103
   2.2185349    0.452323
   2.2247284    0.447613
    2.230926     0.44297
   2.2371236    0.438392
   2.2433172    0.433876
   2.2495148    0.429422
   2.2557083    0.425025
    2.261906    0.420685
   2.2680995    0.416399
   2.2742971    0.412165
   2.2804947     0.40798
   2.2866883    0.403843
   2.2928859    0.399751
   2.2990794    0.395703
   2.3052771    0.391696
   2.3114747    0.387728
   2.3176682    0.383797
   2.3238658    0.379903
   2.3300594    0.376043
    2.336257    0.372216
   2.3424505    0.368421
   2.3486481    0.364657
   2.3548458    0.360926
   2.3610393    0.357226
   2.3672369    0.353558
   2.3734305    0.349922
   2.3796281    0.346318
   2.3858216    0.342747
   2.3920192    0.339208
   2.3982169    0.335701
   2.4044104    0.332227
    2.410608    0.328786
   2.4168016    0.325379
   2.4229992    0.322004
   2.4291927    0.318663
   2.4353903    0.315355
   2.4415879    0.312081
   2.4477815    0.308841
   2.4539791    0.305635
   2.4601727    0.302462
   2.4663703    0.299324
   2.4725679    0.296221
   2.4787614    0.293153
    2.484959    0.290119
   2.4911526    0.287119
   2.4973502    0.284155
   2.5035437    0.281226
   2.5097414    0.278333
    2.515939    0.275475
   2.5221325    0.272653
   2.5283301    0.269867
   2.5345237    0.267116
   2.5407213    0.264402
   2.5469148    0.261723
   2.5531125     0.25908
   2.5593101    0.256472
   2.5655036      0.2539
   2.5717012    0.251362
   2.5778948    0.248859
   2.5840924    0.246391
     2.59029    0.243956
   2.5964835    0.241556
   2.6026812     0.23919
   2.6088747    0.236858
   2.6150723    0.234559
   2.6212659    0.232293
   2.6274635    0.230058
   2.6336611    0.227856
   2.6398546    0.225685
   2.6460523    0.223545
   2.6522458    0.221436
   2.6584434    0.219356
    2.664637    0.217306
   2.6708346    0.215285
   2.6770322    0.213292
   2.6832257    0.211328
   2.6894233     0.20939
   2.6956169     0.20748
   2.7018145    0.205597
   2.7080121    0.203741
   2.7142057    0.201909
   2.7204033    0.200104
   2.7265968    0.198322
   2.7327944    0.196566
    2.738988    0.194833
   2.7451856    0.193123
   2.7513832    0.191437
   2.7575768    0.189772
   2.7637744     0.18813
   2.7699679     0.18651
   2.7761655    0.184911
   2.7823591    0.183334
   2.7885567    0.181777
   2.7947543    0.180241
   2.8009478    0.178725
   2.8071455    0.177229
    2.813339    0.175752
   2.8195366    0.174294
   2.8257342    0.172856
   2.8319278    0.171435
   2.8381254    0.170033
   2.8443189    0.168649
   2.8505166    0.167282
   2.8567101    0.165933
   2.8629077      0.1646
   2.8691053    0.163284
   2.8752989    0.161985
   2.8814965    0.160701
     2.88769    0.159433
   2.8938876     0.15818
   2.9000812    0.156942
   2.9062788    0.155718
   2.9124764    0.154509
     2.91867    0.153315
   2.9248676    0.152133
   2.9310611    0.150967
   2.9372587    0.149813
   2.9434564    0.148673
   2.9496499    0.147547
   2.9558475    0.146433
   2.9620411    0.145332
   2.9682387    0.144244
   2.9744322    0.143169
   2.9806298    0.142106
   2.9868274    0.141056
    2.993021    0.140017
   2.9992186     0.13899
   3.0054122    0.137974
   3.0116098    0.136971
   3.0178033    0.135979
   3.0240009    0.134998
   3.0301985    0.134029
   3.0363921     0.13307
   3.0425897    0.132123
   3.0487832    0.131186
   3.0549809     0.13026
   3.0611744    0.129345
    3.067372     0.12844
   3.0735696    0.127545
   3.0797632     0.12666
   3.0859608    0.125786
   3.0921543    0.124921
    3.098352    0.124065
   3.1045496     0.12322
   3.1107431    0.122384
   3.1169407    0.121557
   3.1231343    0.120739
   3.1293319    0.119931
   3.1355254    0.119131
    3.141723    0.118341
   3.1479207    0.117558
   3.1541142    0.116785
   3.1603118     0.11602
   3.1665054    0.115264
    3.172703    0.114516
   3.1788965    0.113776
   3.1850941    0.113045
   3.1912918     0.11232
   3.1974853    0.111605
   3.2036829    0.110896
   3.2098765    0.110196
   3.2160741    0.109503
   3.2222717    0.108817
   3.2284652    0.108139
   3.2346628    0.107468
   3.2408564    0.106804
    3.247054    0.106148
   3.2532475    0.105498
   3.2594452    0.104855
   3.2656428    0.104218
   3.2718363    0.103588
   3.2780339    0.102965
   3.2842275    0.102348
   3.2904251    0.101738
   3.2966186    0.101133
   3.3028163    0.100535
   3.3090139   0.0999426
   3.3152074   0.0993564
    3.321405   0.0987758
   3.3275986   0.0982012
   3.3337962    0.097632
   3.3399938   0.0970686
   3.3461873   0.0965106
    3.352385   0.0959578
   3.3585785   0.0954102
   3.3647761   0.0948676
   3.3709697   0.0943306
   3.3771673   0.0937982
   3.3833649   0.0932708
   3.3895584   0.0927482
   3.3957561   0.0922302
   3.4019496   0.0917168
   3.4081472   0.0912076
   3.4143408    0.090703
   3.4205384   0.0902028
    3.426736   0.0897068
   3.4329295   0.0892146
   3.4391271   0.0887266
   3.4453207   0.0882426
   3.4515183   0.0877624
   3.4577118   0.0872856
   3.4639095    0.086813
   3.4701071    0.086344
   3.4763006   0.0858788
   3.4824982    0.085417
   3.4886918   0.0849586
   3.4948894   0.0845038
    3.501087   0.0840524
   3.5072806   0.0836042
   3.5134782   0.0831592
   3.5196717   0.0827176
   3.5258693    0.082279
   3.5320629   0.0818434
   3.5382605   0.0814108
   3.5444581   0.0809814
   3.5506517    0.080555
   3.5568493   0.0801308
   3.5630428     0.07971
   3.5692404   0.0792918
    3.575434   0.0788758
   3.5816316   0.0784628
   3.5878292   0.0780522
   3.5940227   0.0776444
   3.6002204    0.077239
   3.6064139   0.0768356
   3.6126115   0.0764354
   3.6188091   0.0760372
   3.6250027    0.075641
   3.6312003   0.0752478
   3.6373938   0.0748562
   3.6435915   0.0744672
    3.649785   0.0740804
   3.6559826   0.0736958
   3.6621802   0.0733138
   3.6683738   0.0729334
   3.6745714   0.0725556
   3.6807649   0.0721798
   3.6869625   0.0718058
   3.6931561   0.0714342
   3.6993537   0.0710648
   3.7055513   0.0706972
   3.7117449   0.0703316
   3.7179425    0.069968
    3.724136   0.0696064
   3.7303336   0.0692466
   3.7365313   0.0688886
   3.7427248   0.0685328
   3.7489224   0.0681788
    3.755116   0.0678266
   3.7613136    0.067476
   3.7675071   0.0671272
   3.7737047   0.0667804
   3.7799023    0.066435
   3.7860959   0.0660916
   3.7922935   0.0657498
    3.798487   0.0654098
   3.8046847   0.0650708
   3.8108782   0.0647338
   3.8170758   0.0643986
   3.8232734   0.0640648
    3.829467   0.0637324
   3.8356646   0.0634016
   3.8418581    0.063072
   3.8480558   0.0627446
   3.8542534   0.0624184
   3.8604469   0.0620936
   3.8666445   0.0617704
   3.8728381   0.0614488
   3.8790357   0.0611286
   3.8852292   0.0608098
   3.8914268   0.0604924
   3.8976245    0.060177
    3.903818    0.059863
   3.9100156     0.05955
   3.9162092    0.059239
   3.9224068    0.058929
   3.9286003   0.0586206
   3.9347979   0.0583142
   3.9409956   0.0580088
   3.9471891   0.0577048
   3.9533867   0.0574026
   3.9595803   0.0571014
   3.9657779   0.0568018
   3.9719714   0.0565038
    3.978169   0.0562074
   3.9843666    0.055912
   3.9905602   0.0556184
   3.9967578    0.055326
   4.0029513   0.0550352
    4.009149   0.0547458
   4.0153466   0.0544576
   4.0215401    0.054171
   4.0277377   0.0538858
   4.0339313    0.053602
   4.0401289   0.0533198
   4.0463224    0.053039
   4.0525201   0.0527592
   4.0587177   0.0524812
   4.0649112   0.0522048
   4.0711088   0.0519294
   4.0773064   0.0516556
      4.0835   0.0513834
   4.0896935    0.051113
   4.0958871   0.0508438
   4.1020806   0.0505762
   4.1082742     0.05031
   4.1144677   0.0500456
   4.1206612   0.0497828
   4.1268548   0.0495214
   4.1330483   0.0492618
   4.1392826   0.0490038
   4.1454762   0.0487468
   4.1516697   0.0484924
   4.1578632    0.048239
   4.1640568    0.047987
   4.1702503   0.0477368
   4.1764439   0.0474886
   4.1826374   0.0472414
    4.188831   0.0469962
   4.1950245   0.0467528
    4.201218   0.0465104
   4.2074116   0.0462702
   4.2136051   0.0460314
   4.2197987   0.0457942
   4.2259922   0.0455588
   4.2321857   0.0453248
   4.2383793   0.0450922
   4.2445728    0.044862
   4.2508071    0.044633
   4.2570007   0.0444056
   4.2631942   0.0441798
   4.2693877   0.0439558
   4.2755813   0.0437334
   4.2817748   0.0435126
   4.2879684   0.0432934
   4.2941619    0.043076
   4.3003555   0.0428604
    4.306549   0.0426462
   4.3127425   0.0424336
   4.3189361    0.042223
   4.3251296   0.0420136
   4.3313232    0.041806
   4.3375167   0.0416002
   4.3437102    0.041396
   4.3499038   0.0411938
   4.3561381   0.0409928
   4.3623316   0.0407938
   4.3685252   0.0405964
   4.3747187   0.0404006
   4.3809122   0.0402066
   4.3871058   0.0400144
   4.3932993   0.0398236
   4.3994929   0.0396346
   4.4056864   0.0394474
     4.41188   0.0392616
   4.4180735    0.039078
    4.424267   0.0388958
   4.4304606   0.0387154
   4.4366541   0.0385364
   4.4428477   0.0383596
   4.4490412   0.0381842
   4.4552347   0.0380106
    4.461469   0.0378388
   4.4676626   0.0376686
   4.4738561      0.0375
   4.4800497   0.0373334
   4.4862432   0.0371684
   4.4924367   0.0370052
   4.4986303   0.0368436
   4.5048238   0.0366836
   4.5110174   0.0365258
   4.5172109   0.0363692
   4.5234045   0.0362146
    4.529598   0.0360616
   4.5357915     0.03591
   4.5419851   0.0357606
   4.5481786   0.0356122
   4.5543722   0.0354658
   4.5605657   0.0353206
      4.5668   0.0351776
   4.5729935   0.0350354
   4.5791871    0.034895
   4.5853806    0.034756
   4.5915742   0.0346186
   4.5977677   0.0344826
   4.6039612   0.0343478
   4.6101548   0.0342146
   4.6163483   0.0340826
   4.6225419   0.0339524
   4.6287354   0.0338232
    4.634929   0.0336952
   4.6411225   0.0335688
    4.647316   0.0334434
   4.6535096   0.0333194
   4.6597031   0.0331966
   4.6658967    0.033075
   4.6720902   0.0329544
   4.6783245   0.0328354
    4.684518   0.0327172
   4.6907116   0.0326002
   4.6969051   0.0324846
   4.7030987   0.0323698
   4.7092922    0.032256
   4.7154858    0.032143
   4.7216793   0.0320316
   4.7278728    0.031921
   4.7340664   0.0318116
   4.7402599   0.0317026
   4.7464535    0.031595
    4.752647    0.031488
   4.7588405   0.0313822
   4.7650341   0.0312774
   4.7712276   0.0311732
   4.7774212   0.0310702
   4.7836555   0.0309678
    4.789849   0.0308662
   4.7960425   0.0307658
   4.8022361    0.030666
   4.8084296   0.0305668
   4.8146232   0.0304688
   4.8208167   0.0303714
   4.8270103   0.0302748
   4.8332038   0.0301792
   4.8393973    0.030084
   4.8455909   0.0299898
   4.8517844   0.0298962
    4.857978   0.0298036
   4.8641715   0.0297114
    4.870365   0.0296198
   4.8765586    0.029529
   4.8827521    0.029439
   4.8889864   0.0293496
     4.89518   0.0292606
   4.9013735   0.0291728
    4.907567   0.0290854
   4.9137606   0.0289982
   4.9199541   0.0289118
   4.9261477   0.0288256
   4.9323412   0.0287406
   4.9385348   0.0286558
   4.9447283   0.0285716
   4.9509218   0.0284876
   4.9571154   0.0284042
   4.9633089   0.0283212
   4.9695025   0.0282388
    4.975696   0.0281566
   4.9818895    0.028075
   4.9880831   0.0279936
   4.9942766   0.0279124
   5.0005109   0.0278318
   5.0067045   0.0277514
    5.012898   0.0276714
   5.0190915   0.0275914
   5.0252851    0.027512
   5.0314786   0.0274326
   5.0376722   0.0273534
   5.0438657   0.0272744
   5.0500593    0.027196
   5.0562528   0.0271176
   5.0624463   0.0270396
   5.0686399   0.0269614
   5.0748334    0.026884
    5.081027   0.0268066
   5.0872205   0.0267292
   5.0934141   0.0266524
   5.0996076   0.0265756
   5.1058419   0.0264992
   5.1120354   0.0264234
    5.118229   0.0263472
   5.1244225   0.0262718
    5.130616   0.0261966
   5.1368096   0.0261212
   5.1430031   0.0260466
   5.1491967   0.0259718
   5.1553902   0.0258976
   5.1615838   0.0258236
   5.1677773   0.0257498
   5.1739708   0.0256764
   5.1801644   0.0256032
   5.1863579   0.0255302
   5.1925515   0.0254574
    5.198745   0.0253852
   5.2049386   0.0253132
   5.2111728   0.0252414
   5.2173664   0.0251698
   5.2235599   0.0250984
   5.2297535   0.0250276
    5.235947    0.024957
   5.2421406   0.0248868
   5.2483341   0.0248168
   5.2545276    0.024747
   5.2607212   0.0246776
   5.2669147   0.0246082
   5.2731083   0.0245396
   5.2793018   0.0244708
   5.2854953   0.0244026
   5.2916889   0.0243348
   5.2978824    0.024267
    5.304076   0.0241998
   5.3102695   0.0241326
   5.3164631    0.024066
   5.3226973   0.0239996
   5.3288909   0.0239338
   5.3350844    0.023868
    5.341278   0.0238032
   5.3474715   0.0237384
   5.3536651   0.0236738
   5.3598586   0.0236102
   5.3660521    0.023547
   5.3722457    0.023484
   5.3784392   0.0234222
   5.3846328   0.0233606
   5.3908263   0.0232998
   5.3970198   0.0232394
   5.4032134   0.0231798
   5.4094069   0.0231208
   5.4156005   0.0230626
    5.421794    0.023005
   5.4280283   0.0229484
   5.4342218   0.0228926
   5.4404154   0.0228372
   5.4466089    0.022783
   5.4528025   0.0227298
    5.458996   0.0226774
   5.4651896   0.0226256
   5.4713831   0.0225746
   5.4775766    0.022525
   5.4837702   0.0224762
   5.4899637   0.0224282
   5.4961573   0.0223816
   5.5023508   0.0223358
   5.5085443    0.022291
   5.5147379   0.0222474
   5.5209314   0.0222046
    5.527125   0.0221632
   5.5333593   0.0221224
   5.5395528   0.0220832
   5.5457463   0.0220454
   5.5519399   0.0220084
   5.5581334   0.0219726
    5.564327    0.021938
   5.5705205   0.0219048
   5.5767141    0.021873
   5.5829076   0.0218424
   5.5891011   0.0218128
   5.5952947    0.021785
   5.6014882    0.021758
   5.6076818   0.0217326
   5.6138753   0.0217086
   5.6200689   0.0216862
