 0.063679798     401.645
 0.069720539     291.551
 0.075761687     213.287
 0.081802835     160.505
 0.087843576     122.394
 0.093884724      95.596
 0.099925872     77.2686
  0.10596661     64.0106
  0.11200776     53.8326
   0.1180485     46.6987
  0.12408965     41.9246
   0.1301308     38.2009
  0.13617154     34.4048
  0.14221269     30.3357
  0.14825384     26.7864
  0.15429458     24.2791
  0.16033572     22.7293
  0.16637687     21.8154
  0.17241761     21.5109
  0.17845876     21.6154
  0.18449991     21.7493
  0.19054065     21.6681
   0.1965818     21.3009
  0.20262295     20.7479
  0.20866369     20.1182
  0.21470484     19.4922
  0.22074558     18.9446
  0.22678672      18.534
  0.23282787     18.2698
  0.23886861     18.1428
  0.24490976     18.1216
  0.25095091     18.1623
  0.25699165     18.2169
   0.2630328     18.2434
  0.26907395      18.223
  0.27511469     18.1591
  0.28115584      18.058
  0.28719658     17.9263
  0.29323773     17.7709
  0.29927887     17.6015
  0.30531961     17.4319
  0.31136076     17.2726
  0.31740191     17.1289
  0.32344265     17.0029
   0.3294838     16.8963
  0.33552454     16.8081
  0.34156569     16.7352
  0.34760684     16.6732
  0.35364758     16.6187
  0.35968873     16.5687
  0.36572987     16.5176
  0.37177061     16.4563
  0.37781176      16.373
  0.38385291     16.2558
  0.38989365     16.0996
   0.3959348     15.9142
  0.40197554     15.7116
  0.40801587     15.5031
  0.41405865     15.2952
  0.42009736     15.0912
  0.42614013     14.8929
  0.43217884     14.7017
  0.43822161     14.5203
  0.44426439     14.3513
   0.4503031     14.1967
  0.45634587     14.0569
  0.46238458     13.9304
  0.46842736      13.815
  0.47446606     13.7086
  0.48050884     13.6088
  0.48655162     13.5125
  0.49259032      13.416
   0.4986331     13.3162
   0.5046718     13.2102
  0.51071458     13.0964
  0.51675328     12.9751
  0.52279606     12.8469
  0.52883884     12.7122
  0.53487754     12.5715
  0.54092032     12.4258
  0.54695902     12.2756
   0.5530018     12.1219
   0.5590405     11.9655
  0.56508328      11.807
  0.57112199      11.647
  0.57716476     11.4858
  0.58320754     11.3237
  0.58924625      11.161
  0.59528902     10.9977
  0.60132773     10.8339
   0.6073705     10.6697
  0.61340921     10.5053
  0.61945199     10.3407
  0.62549476     10.1761
  0.63153347     10.0117
  0.63757625     9.84791
  0.64361495     9.68533
  0.64965773     9.52442
  0.65569643     9.36567
  0.66173921     9.20959
  0.66777791     9.05665
  0.67382069     8.90729
  0.67986347     8.76185
  0.68590217     8.62044
  0.69194495     8.48295
  0.69798365     8.34925
  0.70402643     8.21905
  0.71006513     8.09186
  0.71610791      7.9672
  0.72215069      7.8446
  0.72818939     7.72355
  0.73423217     7.60359
  0.74027088     7.48433
  0.74631365     7.36566
  0.75235236     7.24758
  0.75839514     7.13004
  0.76443384     7.01304
  0.77047662     6.89654
   0.7765194     6.78056
   0.7825581     6.66515
  0.78860088     6.55042
  0.79463958     6.43646
  0.80068236     6.32337
  0.80672106     6.21123
  0.81276384     6.10012
  0.81880662     5.99012
  0.82484532     5.88132
   0.8308881     5.77371
   0.8369268     5.66728
  0.84296958       5.562
  0.84900828     5.45787
  0.85505106     5.35487
  0.86109384     5.25298
  0.86713254     5.15219
  0.87317532     5.05254
  0.87921402     4.95409
   0.8852568     4.85693
  0.89129551     4.76112
  0.89733828     4.66671
  0.90337699     4.57376
  0.90941977     4.48233
  0.91546254     4.39247
  0.92150125     4.30423
  0.92754403     4.21764
  0.93358273     4.13274
  0.93962551     4.04957
  0.94566421     3.96817
  0.95170699     3.88855
  0.95774977     3.81076
  0.96378847     3.73479
  0.96983125     3.66065
  0.97586995     3.58833
  0.98191273     3.51778
  0.98795143     3.44899
  0.99399421     3.38194
   1.0000329      3.3166
   1.0060757     3.25294
   1.0121185     3.19094
   1.0181572     3.13057
      1.0242      3.0718
   1.0302387     3.01454
   1.0362814     2.95872
   1.0423201     2.90427
   1.0483629     2.85112
   1.0544057     2.79919
   1.0604444     2.74841
   1.0664872      2.6987
   1.0725259     2.64999
   1.0785687     2.60222
   1.0846074     2.55534
   1.0906501     2.50935
   1.0966929     2.46424
   1.1027316     2.41999
   1.1087744     2.37658
   1.1148131       2.334
   1.1208559     2.29224
   1.1268946     2.25128
   1.1329374      2.2111
   1.1389761     2.17169
   1.1450188     2.13298
   1.1510616     2.09491
   1.1571003     2.05741
   1.1631431     2.02039
   1.1691818     1.98378
   1.1752246     1.94753
   1.1812633     1.91157
   1.1873061     1.87584
   1.1933488     1.84028
   1.1993875     1.80483
   1.2054303     1.76948
    1.211469      1.7343
   1.2175118     1.69934
   1.2235505     1.66466
   1.2295933     1.63032
    1.235632      1.5964
   1.2416748     1.56293
   1.2477175        1.53
   1.2537562     1.49765
    1.259799     1.46595
   1.2658377     1.43496
   1.2718805     1.40471
   1.2779192     1.37521
    1.283962     1.34647
   1.2900048     1.31849
   1.2960435     1.29128
   1.3020863     1.26484
    1.308125     1.23916
   1.3141677     1.21423
   1.3202064     1.19002
   1.3262492     1.16652
   1.3322879     1.14371
   1.3383307     1.12158
   1.3443735     1.10009
   1.3504122     1.07922
    1.356455     1.05896
   1.3624937     1.03928
   1.3685364     1.02014
   1.3745751     1.00153
   1.3806179    0.983429
   1.3866607    0.965803
   1.3926994    0.948631
   1.3987422    0.931889
   1.4047809    0.915552
   1.4108237    0.899596
   1.4168624    0.884003
   1.4229051    0.868763
   1.4289479    0.853865
   1.4349866    0.839301
   1.4410294    0.825059
   1.4470681    0.811131
   1.4531109    0.797505
   1.4591496    0.784173
   1.4651924    0.771125
   1.4712311     0.75835
   1.4772738    0.745839
   1.4833166    0.733582
   1.4893553    0.721568
   1.4953981    0.709792
   1.5014368    0.698252
   1.5074796    0.686944
   1.5135183    0.675868
   1.5195611    0.665022
   1.5256038    0.654403
   1.5316425    0.644008
   1.5376853    0.633836
    1.543724    0.623881
   1.5497668    0.614142
   1.5558055    0.604615
   1.5618483    0.595299
    1.567887    0.586189
   1.5739298    0.577283
   1.5799725    0.568571
   1.5860113    0.560041
    1.592054     0.55168
   1.5980927    0.543476
   1.6041355    0.535418
   1.6101742    0.527494
    1.616217     0.51969
   1.6222598    0.511998
   1.6282985    0.504403
   1.6343413    0.496895
     1.64038    0.489461
   1.6464227     0.48209
   1.6524614     0.47477
   1.6585042    0.467489
    1.664547     0.46024
   1.6705857    0.453028
   1.6766285    0.445859
   1.6826672    0.438739
     1.68871    0.431676
   1.6947487    0.424676
   1.7007914    0.417745
   1.7068301     0.41089
   1.7128729    0.404118
   1.7189157    0.397436
   1.7249544    0.390849
   1.7309972    0.384364
   1.7370359    0.377988
   1.7430787    0.371728
   1.7491174     0.36559
   1.7551601     0.35958
   1.7612029      0.3537
   1.7672416    0.347951
   1.7732844    0.342331
   1.7793231    0.336841
   1.7853659    0.331482
   1.7914046    0.326252
   1.7974474    0.321153
   1.8034861    0.316182
   1.8095288    0.311339
   1.8155716     0.30662
   1.8216103    0.302024
   1.8276531    0.297546
   1.8336918    0.293184
   1.8397346    0.288935
   1.8457733    0.284797
   1.8518161    0.280767
   1.8578588     0.27684
   1.8638975    0.273015
   1.8699403    0.269286
    1.875979    0.265651
   1.8820218    0.262106
   1.8880605    0.258648
   1.8941033    0.255273
   1.9001461    0.251977
   1.9061848    0.248758
   1.9122276    0.245611
   1.9182663    0.242534
    1.924309    0.239522
   1.9303477    0.236572
   1.9363905    0.233681
   1.9424292    0.230846
    1.948472    0.228062
   1.9545148    0.225327
   1.9605535    0.222638
   1.9665963    0.219993
    1.972635    0.217391
   1.9786777    0.214831
   1.9847164     0.21231
   1.9907592    0.209827
    1.996802    0.207382
   2.0028407    0.204971
   2.0088835    0.202594
   2.0149222    0.200248
    2.020965    0.197934
   2.0270037    0.195648
   2.0330464     0.19339
   2.0390851    0.191158
   2.0451279    0.188952
   2.0511707     0.18677
   2.0572094    0.184611
   2.0632522    0.182474
   2.0692909    0.180358
   2.0753337    0.178263
   2.0813724    0.176189
   2.0874151    0.174136
   2.0934579    0.172103
   2.0994966    0.170091
   2.1055394    0.168099
   2.1115781    0.166128
   2.1176209    0.164177
   2.1236596    0.162246
   2.1297024    0.160335
   2.1357411    0.158444
   2.1417838    0.156574
   2.1478266    0.154724
   2.1538653    0.152896
   2.1599081    0.151088
   2.1659468    0.149301
   2.1719896    0.147535
   2.1780283    0.145791
   2.1840711    0.144068
   2.1901138    0.142366
   2.1961526    0.140685
   2.2021953    0.139026
    2.208234    0.137388
   2.2142768    0.135772
   2.2203155    0.134176
   2.2263583    0.132602
   2.2324011     0.13105
   2.2384398    0.129519
   2.2444826    0.128009
   2.2505213    0.126521
    2.256564    0.125055
   2.2626027    0.123611
   2.2686455    0.122189
   2.2746842    0.120789
    2.280727    0.119412
   2.2867698    0.118056
   2.2928085    0.116724
   2.2988513    0.115414
     2.30489    0.114126
   2.3109327     0.11286
   2.3169714    0.111616
   2.3230142    0.110393
    2.329057    0.109191
   2.3350957    0.108009
   2.3411385    0.106846
   2.3471772    0.105704
     2.35322     0.10458
   2.3592587    0.103475
   2.3653014    0.102389
   2.3713401     0.10132
   2.3773829    0.100268
   2.3834257   0.0992338
   2.3894644   0.0982156
   2.3955072    0.097214
   2.4015459   0.0962278
   2.4075887   0.0952572
   2.4136274   0.0943012
   2.4196701   0.0933596
   2.4257129   0.0924322
   2.4317516   0.0915184
   2.4377944   0.0906184
   2.4438331   0.0897316
   2.4498759   0.0888586
   2.4559146   0.0879984
   2.4619574    0.087151
   2.4680001   0.0863168
   2.4740388   0.0854956
   2.4800816    0.084687
   2.4861203   0.0838908
   2.4921631   0.0831072
   2.4982018   0.0823358
   2.5042446   0.0815766
   2.5102833     0.08083
   2.5163261   0.0800954
   2.5223689   0.0793734
   2.5284076   0.0786636
   2.5344503    0.077966
    2.540489   0.0772808
   2.5465318   0.0766076
   2.5525705    0.075947
   2.5586133   0.0752984
   2.5646561    0.074662
   2.5706948   0.0740378
   2.5767376   0.0734252
   2.5827763   0.0728244
    2.588819   0.0722346
   2.5948577   0.0716556
   2.6009005   0.0710872
   2.6069392   0.0705296
    2.612982   0.0699818
   2.6190248   0.0694436
   2.6250635   0.0689154
   2.6311063   0.0683964
    2.637145   0.0678862
   2.6431877    0.067385
   2.6492264   0.0668922
   2.6552692   0.0664078
    2.661312   0.0659312
   2.6673507   0.0654622
   2.6733935   0.0650012
   2.6794322    0.064547
    2.685475   0.0640998
   2.6915137   0.0636596
   2.6975564   0.0632258
   2.7035992   0.0627982
   2.7096379   0.0623766
   2.7156807   0.0619608
   2.7217194    0.061551
   2.7277622   0.0611468
   2.7338009   0.0607476
   2.7398437    0.060354
   2.7458824   0.0599656
   2.7519251   0.0595822
   2.7579679   0.0592032
   2.7640066   0.0588294
   2.7700494   0.0584602
   2.7760881   0.0580954
   2.7821309   0.0577348
   2.7881696   0.0573782
   2.7942124   0.0570258
   2.8002551   0.0566772
   2.8062939   0.0563328
   2.8123366   0.0559914
   2.8183753   0.0556538
   2.8244181   0.0553194
   2.8304568   0.0549882
   2.8364996   0.0546598
   2.8425383   0.0543348
   2.8485811    0.054012
   2.8546239    0.053692
   2.8606626   0.0533742
   2.8667053   0.0530592
    2.872744   0.0527458
   2.8787868   0.0524348
   2.8848255   0.0521256
   2.8908683   0.0518178
   2.8969111    0.051512
   2.9029498   0.0512072
   2.9089926   0.0509036
   2.9150313   0.0506012
    2.921074   0.0502996
   2.9271127    0.049999
   2.9331555    0.049699
   2.9391983   0.0493994
    2.945237   0.0491002
   2.9512798   0.0488012
   2.9573185   0.0485028
   2.9633613   0.0482046
      2.9694   0.0479064
   2.9754427   0.0476086
   2.9814814   0.0473108
   2.9875242   0.0470134
    2.993567   0.0467154
   2.9996057   0.0464176
   3.0056485     0.04612
   3.0116872   0.0458218
     3.01773   0.0455234
   3.0237687   0.0452254
   3.0298114   0.0449266
   3.0358542   0.0446276
   3.0418929    0.044329
   3.0479357   0.0440298
   3.0539744   0.0437312
   3.0600172   0.0434318
   3.0660559   0.0431328
   3.0720987    0.042834
   3.0781374   0.0425352
   3.0841801   0.0422368
   3.0902229   0.0419384
   3.0962616   0.0416404
   3.1023044    0.041343
   3.1083431   0.0410458
   3.1143859   0.0407494
   3.1204246   0.0404536
   3.1264674   0.0401584
   3.1325102    0.039864
   3.1385489   0.0395706
   3.1445916   0.0392778
   3.1506303   0.0389868
   3.1566731   0.0386962
   3.1627118   0.0384072
   3.1687546   0.0381194
   3.1747974    0.037833
   3.1808361   0.0375482
   3.1868789    0.037265
   3.1929176   0.0369834
   3.1989603   0.0367032
    3.204999   0.0364246
   3.2110418   0.0361478
   3.2170805   0.0358722
   3.2231233   0.0355984
   3.2291661   0.0353262
   3.2352048   0.0350554
   3.2412476   0.0347866
   3.2472863    0.034519
    3.253329   0.0342528
   3.2593677   0.0339888
   3.2654105   0.0337256
   3.2714533   0.0334646
    3.277492   0.0332048
   3.2835348   0.0329468
   3.2895735   0.0326906
   3.2956163   0.0324354
    3.301655   0.0321822
   3.3076977   0.0319302
   3.3137364     0.03168
   3.3197792   0.0314314
    3.325822   0.0311842
   3.3318607    0.030939
   3.3379035   0.0306948
   3.3439422   0.0304526
    3.349985   0.0302116
   3.3560237   0.0299724
   3.3620664   0.0297348
   3.3681092   0.0294984
   3.3741479   0.0292642
   3.3801907   0.0290308
   3.3862294   0.0287994
   3.3922722    0.028569
   3.3983109   0.0283404
   3.4043537   0.0281132
   3.4103924   0.0278872
   3.4164352   0.0276628
   3.4224779   0.0274394
   3.4285166   0.0272178
   3.4345594   0.0269972
   3.4405981   0.0267778
   3.4466409   0.0265596
   3.4526796    0.026343
   3.4587224   0.0261272
   3.4647652   0.0259132
   3.4708039      0.0257
   3.4768466   0.0254878
   3.4828853   0.0252772
   3.4889281   0.0250676
   3.4949668   0.0248592
   3.5010096   0.0246526
   3.5070524   0.0244466
   3.5130911   0.0242422
   3.5191339   0.0240386
   3.5251726   0.0238362
   3.5312153   0.0236358
    3.537254   0.0234358
   3.5432968   0.0232372
   3.5493355   0.0230398
   3.5553783   0.0228438
   3.5614211   0.0226486
   3.5674598   0.0224548
   3.5735026   0.0222624
   3.5795413    0.022071
    3.585584   0.0218812
   3.5916227   0.0216928
   3.5976655   0.0215052
   3.6037083   0.0213194
    3.609747    0.021135
   3.6157898    0.020952
   3.6218285   0.0207704
   3.6278713     0.02059
     3.63391   0.0204116
   3.6399527   0.0202348
   3.6459914    0.020059
   3.6520342   0.0198854
    3.658077   0.0197132
   3.6641157   0.0195424
   3.6701585   0.0193734
   3.6761972   0.0192064
     3.68224   0.0190408
   3.6882787    0.018877
   3.6943214   0.0187146
   3.7003642   0.0185546
   3.7064029    0.018396
   3.7124457   0.0182396
   3.7184844   0.0180848
   3.7245272   0.0179318
   3.7305659   0.0177808
   3.7366087   0.0176312
   3.7426515   0.0174842
   3.7486902   0.0173386
   3.7547329   0.0171954
   3.7607716    0.017054
   3.7668144   0.0169144
   3.7728531    0.016777
   3.7788959   0.0166412
   3.7849346   0.0165072
   3.7909774   0.0163752
   3.7970202    0.016245
   3.8030589    0.016117
   3.8091016   0.0159906
   3.8151403   0.0158662
   3.8211831   0.0157436
   3.8272218   0.0156228
   3.8332646   0.0155038
   3.8393074   0.0153866
   3.8453461   0.0152714
   3.8513889   0.0151576
   3.8574276   0.0150462
   3.8634703   0.0149364
    3.869509    0.014828
   3.8755518   0.0147218
   3.8815905    0.014617
   3.8876333   0.0145144
   3.8936761   0.0144134
   3.8997148   0.0143142
   3.9057576   0.0142166
   3.9117963   0.0141208
    3.917839   0.0140268
   3.9238777   0.0139344
   3.9299205   0.0138438
   3.9359633   0.0137548
    3.942002   0.0136678
   3.9480448    0.013582
   3.9540835   0.0134982
   3.9601263   0.0134162
    3.966165   0.0133354
   3.9722077   0.0132566
   3.9782465   0.0131792
   3.9842892   0.0131034
    3.990332    0.013029
   3.9963707   0.0129558
   4.0024135   0.0128844
   4.0084522   0.0128142
    4.014495   0.0127448
   4.0205337   0.0126776
   4.0265765   0.0126112
   4.0326192    0.012546
   4.0386579   0.0124818
   4.0447007   0.0124188
   4.0507394   0.0123572
   4.0567822   0.0122964
   4.0628209   0.0122366
   4.0688637    0.012178
   4.0749024   0.0121204
   4.0809329   0.0120632
   4.0870042   0.0120072
   4.0930348    0.011952
   4.0990653   0.0118976
   4.1050959   0.0118444
   4.1111672   0.0117912
   4.1171977   0.0117392
   4.1232283   0.0116876
   4.1292589    0.011637
   4.1353302   0.0115866
   4.1413607    0.011537
   4.1473913   0.0114878
   4.1534218    0.011439
   4.1594931    0.011391
   4.1655237    0.011343
   4.1715542    0.011296
   4.1775848    0.011249
   4.1836561   0.0112022
   4.1896866   0.0111562
   4.1957172   0.0111102
   4.2017477   0.0110648
    4.207819   0.0110194
   4.2138496   0.0109748
   4.2198802   0.0109304
   4.2259107   0.0108866
    4.231982   0.0108432
   4.2380126   0.0108002
   4.2440431   0.0107576
   4.2500737   0.0107154
    4.256145   0.0106738
   4.2621755   0.0106324
   4.2682061   0.0105916
   4.2742774   0.0105512
   4.2803079   0.0105116
   4.2863385   0.0104724
    4.292369   0.0104334
   4.2984403    0.010395
   4.3044709   0.0103574
   4.3105015   0.0103202
    4.316532   0.0102834
   4.3226033   0.0102474
   4.3286339   0.0102116
   4.3346644   0.0101768
    4.340695   0.0101422
   4.3467663   0.0101082
   4.3527968   0.0100748
   4.3588274   0.0100422
   4.3648579   0.0100102
   4.3709292   0.0099784
   4.3769598   0.0099476
   4.3829903   0.0099174
   4.3890209   0.0098876
   4.3950922   0.0098588
   4.4011228   0.0098304
   4.4071533   0.0098028
   4.4131839   0.0097762
   4.4192552   0.0097496
   4.4252857    0.009724
   4.4313163    0.009699
   4.4373468   0.0096746
   4.4434181   0.0096506
   4.4494487   0.0096274
   4.4554792   0.0096046
   4.4615098   0.0095828
   4.4675811    0.009561
   4.4736116     0.00954
   4.4796422   0.0095192
   4.4856727    0.009499
    4.491744   0.0094794
   4.4977746     0.00946
   4.5038052   0.0094414
   4.5098765   0.0094226
    4.515907   0.0094048
   4.5219376   0.0093868
   4.5279681   0.0093696
   4.5340394   0.0093524
     4.54007   0.0093354
   4.5461005   0.0093188
   4.5521311   0.0093026
   4.5582024   0.0092864
   4.5642329   0.0092708
   4.5702635   0.0092554
    4.576294   0.0092398
   4.5823653   0.0092246
   4.5883959   0.0092096
   4.5944265   0.0091946
    4.600457     0.00918
   4.6065283   0.0091652
   4.6125589   0.0091506
   4.6185894   0.0091358
     4.62462    0.009121
   4.6306913    0.009107
   4.6367218   0.0090922
   4.6427524    0.009078
   4.6487829   0.0090634
   4.6548542   0.0090488
   4.6608848   0.0090344
   4.6669153   0.0090198
   4.6729459    0.009005
   4.6790172   0.0089902
   4.6850478   0.0089756
   4.6910783   0.0089606
   4.6971089    0.008946
   4.7031802    0.008931
   4.7092107   0.0089166
   4.7152413    0.008902
   4.7212718   0.0088872
   4.7273431   0.0088724
   4.7333737   0.0088582
   4.7394042   0.0088432
   4.7454755   0.0088286
   4.7515061   0.0088144
   4.7575366   0.0087996
   4.7635672   0.0087852
   4.7696385    0.008771
   4.7756691   0.0087566
   4.7816996    0.008743
   4.7877302    0.008729
   4.7938015    0.008715
    4.799832    0.008701
   4.8058626   0.0086874
   4.8118931   0.0086738
   4.8179644   0.0086602
    4.823995   0.0086472
   4.8300255   0.0086338
   4.8360561   0.0086208
   4.8421274   0.0086076
   4.8481579   0.0085948
   4.8541885   0.0085824
    4.860219   0.0085698
   4.8662903   0.0085576
   4.8723209   0.0085454
   4.8783515   0.0085336
    4.884382   0.0085216
   4.8904533   0.0085104
   4.8964839   0.0084988
   4.9025144   0.0084876
    4.908545   0.0084768
   4.9146163   0.0084658
   4.9206468   0.0084556
   4.9266774   0.0084452
   4.9327079    0.008435
   4.9387792    0.008425
   4.9448098   0.0084152
   4.9508403   0.0084056
   4.9568709    0.008396
   4.9629422   0.0083872
   4.9689728    0.008378
   4.9750033    0.008369
   4.9810746     0.00836
   4.9871052   0.0083518
   4.9931357   0.0083432
   4.9991663   0.0083346
   5.0052376   0.0083262
   5.0112681   0.0083186
   5.0172987   0.0083102
   5.0233292   0.0083024
   5.0294005   0.0082944
   5.0354311    0.008287
   5.0414616   0.0082794
   5.0474922    0.008272
   5.0535635   0.0082644
   5.0595941    0.008257
   5.0656246   0.0082498
   5.0716552   0.0082426
   5.0777265   0.0082354
    5.083757   0.0082284
   5.0897876    0.008221
   5.0958181    0.008214
   5.1018894    0.008207
     5.10792   0.0082004
   5.1139505   0.0081934
   5.1199811   0.0081862
   5.1260524    0.008179
   5.1320829   0.0081724
   5.1381135   0.0081656
    5.144144   0.0081586
   5.1502153   0.0081516
   5.1562459   0.0081444
   5.1622765   0.0081376
    5.168307   0.0081304
   5.1743783   0.0081232
   5.1804089   0.0081162
   5.1864394    0.008109
     5.19247   0.0081018
   5.1985413   0.0080948
   5.2045718   0.0080872
   5.2106024     0.00808
   5.2166737   0.0080724
   5.2227042   0.0080652
   5.2287348   0.0080578
   5.2347653   0.0080506
   5.2408366    0.008043
   5.2468672   0.0080358
   5.2528978   0.0080284
   5.2589283   0.0080208
   5.2649996   0.0080136
   5.2710302   0.0080066
   5.2770607   0.0079994
   5.2830913    0.007992
   5.2891626   0.0079848
   5.2951931   0.0079778
   5.3012237    0.007971
   5.3072542    0.007964
   5.3133255    0.007957
   5.3193561   0.0079504
   5.3253866   0.0079438
   5.3314172   0.0079374
   5.3374885    0.007931
   5.3435191   0.0079248
   5.3495496   0.0079184
   5.3555802   0.0079126
   5.3616515   0.0079066
    5.367682    0.007901
   5.3737126   0.0078954
   5.3797431   0.0078902
   5.3858144   0.0078848
    5.391845     0.00788
   5.3978755   0.0078748
   5.4039061   0.0078704
   5.4099774    0.007866
   5.4160079   0.0078618
   5.4220385   0.0078574
   5.4280691   0.0078538
   5.4341404   0.0078502
   5.4401709   0.0078468
   5.4462015   0.0078436
   5.4522728   0.0078406
   5.4583033   0.0078382
   5.4643339   0.0078358
   5.4703644   0.0078336
   5.4764357   0.0078316
   5.4824663   0.0078302
