 0.063128899     631.557
  0.06932896     483.381
 0.075528614     356.089
 0.081728675     261.386
 0.087928737     198.165
 0.094128798      158.67
  0.10032845     131.377
  0.10652851     111.129
  0.11272858     96.6032
  0.11892864     86.4694
  0.12512829      78.833
  0.13132835     72.7452
  0.13752841     67.9434
  0.14372807     64.2181
  0.14992813     61.4991
  0.15612819     59.7389
  0.16232825     58.6956
  0.16852791     58.0277
  0.17472797     57.5258
  0.18092803     57.0983
  0.18712809     56.6927
  0.19332815     56.3554
  0.19952781     56.1644
  0.20572787     56.1383
  0.21192793     56.2377
  0.21812758     56.3847
  0.22432764     56.5197
  0.23052771     56.5889
  0.23672777     56.5501
  0.24292742     56.3677
  0.24912748     56.0163
  0.25532754     55.5014
  0.26152761     54.8798
  0.26772726     54.2165
  0.27392732     53.5734
  0.28012738     52.9798
  0.28632744     52.4386
   0.2925271     51.9333
  0.29872716     51.4422
  0.30492722     50.9509
  0.31112687     50.4466
  0.31732694     49.9167
    0.323527     49.3551
  0.32972706     48.7668
  0.33592712     48.1598
  0.34212677     47.5428
  0.34832684     46.9241
   0.3545269     46.3081
  0.36072696     45.6955
  0.36692661      45.086
  0.37312667     44.4789
  0.37932674     43.8721
  0.38552639     43.2645
  0.39172645     42.6551
  0.39792651     42.0427
  0.40412657     41.4267
  0.41032623     40.8061
  0.41652792      40.179
  0.42272554     39.5437
  0.42892723     38.8989
  0.43512484      38.244
  0.44132654     37.5793
  0.44752415     36.9069
  0.45372584     36.2296
  0.45992753     35.5504
  0.46612515     34.8726
  0.47232684     34.1992
  0.47852446     33.5335
  0.48472615     32.8775
  0.49092784      32.232
  0.49712546     31.5973
  0.50332715     30.9738
  0.50952477     30.3618
  0.51572646     29.7617
  0.52192407     29.1738
  0.52812577     28.5986
  0.53432746     28.0366
  0.54052507     27.4878
  0.54672677      26.952
  0.55292438     26.4292
  0.55912607     25.9188
  0.56532369     25.4203
  0.57152538      24.933
  0.57772707     24.4562
  0.58392469     23.9889
  0.59012638     23.5306
    0.596324     23.0804
  0.60252569     22.6374
   0.6087233     22.2011
    0.614925     21.7707
  0.62112669     21.3456
   0.6273243     20.9253
    0.633526     20.5091
  0.63972361     20.0968
   0.6459253     19.6886
  0.65212292     19.2843
  0.65832461      18.884
   0.6645263     18.4877
  0.67072392     18.0956
  0.67692561     17.7077
  0.68312323     17.3243
  0.68932492     16.9455
  0.69552254     16.5714
  0.70172423     16.2023
  0.70792592     15.8383
  0.71412353     15.4796
  0.72032523     15.1263
  0.72652284     14.7787
  0.73272453      14.437
  0.73892215     14.1014
  0.74512384      13.772
  0.75132553      13.449
  0.75752315     13.1326
  0.76372484     12.8227
  0.76992246     12.5196
  0.77612415     12.2232
  0.78232177     11.9336
  0.78852346     11.6508
  0.79472515     11.3748
  0.80092277     11.1057
  0.80712446     10.8434
  0.81332207     10.5879
  0.81952376     10.3394
  0.82572546     10.0978
  0.83192307     9.86297
  0.83812476     9.63492
  0.84432238     9.41339
  0.85052407     9.19817
  0.85672169     8.98903
  0.86292338     8.78575
  0.86912507     8.58809
  0.87532269     8.39584
  0.88152438     8.20876
    0.887722     8.02663
  0.89392369     7.84922
   0.9001213     7.67631
    0.906323     7.50766
  0.91252469     7.34308
   0.9187223     7.18242
  0.92492399     7.02555
  0.93112161     6.87236
   0.9373233     6.72276
  0.94352092     6.57666
  0.94972261     6.43395
   0.9559243     6.29457
  0.96212192     6.15847
  0.96832361     6.02558
  0.97452123     5.89584
  0.98072292     5.76919
  0.98692053     5.64558
  0.99312223     5.52494
  0.99932392     5.40721
   1.0055215     5.29233
   1.0117232     5.18024
   1.0179208     5.07088
   1.0241225     4.96419
   1.0303201     4.86011
   1.0365218     4.75857
   1.0427235     4.65953
   1.0489211     4.56293
   1.0551228     4.46873
   1.0613205     4.37686
   1.0675221     4.28729
   1.0737198     4.19994
   1.0799215     4.11476
   1.0861231     4.03167
   1.0923208     3.95062
   1.0985225     3.87152
   1.1047201     3.79431
   1.1109218     3.71892
   1.1171194     3.64528
   1.1233211     3.57332
   1.1295228     3.50298
   1.1357204      3.4342
   1.1419221     3.36693
   1.1481197     3.30113
   1.1543214     3.23672
   1.1605231     3.17369
   1.1667207       3.112
   1.1729224     3.05163
     1.17912     2.99255
   1.1853217     2.93473
   1.1915193     2.87815
    1.197721     2.82279
   1.2039227     2.76862
   1.2101203     2.71561
    1.216322     2.66374
   1.2225196     2.61298
   1.2287213     2.56332
   1.2349189     2.51474
   1.2411206     2.46721
   1.2473223     2.42073
   1.2535199     2.37528
   1.2597216     2.33084
   1.2659192     2.28738
   1.2721209     2.24489
   1.2783185     2.20333
   1.2845202     2.16267
   1.2907219      2.1229
   1.2969195     2.08399
   1.3031212     2.04591
   1.3093188     2.00864
   1.3155205     1.97215
   1.3217181     1.93642
   1.3279198     1.90142
   1.3341215     1.86712
   1.3403191     1.83351
   1.3465208     1.80055
   1.3527185     1.76822
   1.3589201      1.7365
   1.3651178     1.70538
   1.3713195     1.67484
   1.3775211     1.64487
   1.3837188     1.61546
   1.3899205     1.58661
   1.3961181      1.5583
   1.4023198     1.53052
   1.4085174     1.50327
   1.4147191     1.47653
   1.4209208      1.4503
   1.4271184     1.42458
   1.4333201     1.39935
   1.4395177     1.37462
   1.4457194     1.35038
    1.451917     1.32663
   1.4581187     1.30335
   1.4643204     1.28055
    1.470518     1.25822
   1.4767197     1.23635
   1.4829173     1.21494
    1.489119     1.19399
   1.4953207     1.17349
   1.5015183     1.15344
     1.50772     1.13383
   1.5139176     1.11467
   1.5201193     1.09594
   1.5263169     1.07764
   1.5325186     1.05978
   1.5387203     1.04234
   1.5449179     1.02531
   1.5511196     1.00871
   1.5573172    0.992517
   1.5635189    0.976733
   1.5697165    0.961352
   1.5759182    0.946363
   1.5821199     0.93176
   1.5883175    0.917534
   1.5945192    0.903675
   1.6007168    0.890168
   1.6069185    0.876997
   1.6131161    0.864143
   1.6193178     0.85159
   1.6255195     0.83932
   1.6317171    0.827318
   1.6379188    0.815569
   1.6441165    0.804059
   1.6503181    0.792773
   1.6565158    0.781698
   1.6627175    0.770822
   1.6689191     0.76013
   1.6751168    0.749609
   1.6813185    0.739247
   1.6875161    0.729029
   1.6937178    0.718944
   1.6999154    0.708979
   1.7061171    0.699122
   1.7123188    0.689361
   1.7185164    0.679685
   1.7247181    0.670081
   1.7309157    0.660541
   1.7371174    0.651063
    1.743315    0.641647
   1.7495167    0.632298
   1.7557184    0.623019
    1.761916    0.613815
   1.7681177     0.60469
   1.7743153    0.595649
    1.780517    0.586696
   1.7867146    0.577835
   1.7929163    0.569071
    1.799118    0.560407
   1.8053156    0.551849
   1.8115173    0.543401
   1.8177149    0.535067
   1.8239166     0.52685
   1.8301183    0.518757
   1.8363159    0.510791
   1.8425176    0.502956
   1.8487152    0.495257
   1.8549169    0.487697
   1.8611145    0.480283
   1.8673162    0.473016
   1.8735179    0.465902
   1.8797155     0.45894
   1.8859172    0.452129
   1.8921148    0.445467
   1.8983165    0.438955
   1.9045141    0.432589
   1.9107158     0.42637
   1.9169175    0.420296
   1.9231151    0.414365
   1.9293168    0.408577
   1.9355145    0.402931
   1.9417161    0.397423
   1.9479138    0.392049
   1.9541155    0.386807
   1.9603171    0.381692
   1.9665148    0.376699
   1.9727165    0.371825
   1.9789141    0.367066
   1.9851158    0.362418
   1.9913134    0.357877
   1.9975151     0.35344
   2.0037168    0.349103
   2.0099144    0.344862
   2.0161161    0.340714
   2.0223137    0.336656
   2.0285154    0.332682
    2.034713    0.328792
   2.0409147    0.324982
   2.0471164    0.321248
    2.053314    0.317588
   2.0595157    0.313999
   2.0657133    0.310478
    2.071915    0.307023
   2.0781126    0.303629
   2.0843143    0.300295
    2.090516    0.297018
   2.0967136    0.293793
   2.1029153     0.29062
   2.1091129    0.287494
   2.1153146    0.284413
   2.1215122    0.281374
   2.1277139    0.278374
   2.1339156     0.27541
   2.1401132     0.27248
   2.1463149    0.269582
   2.1525125    0.266712
   2.1587142    0.263869
   2.1649159    0.261052
   2.1711135    0.258259
   2.1773152     0.25549
   2.1835128    0.252744
   2.1897145     0.25002
   2.1959121    0.247316
   2.2021138    0.244632
   2.2083155    0.241968
   2.2145131    0.239325
   2.2207148    0.236703
   2.2269125    0.234102
   2.2331141    0.231524
   2.2393118    0.228967
   2.2455135    0.226433
   2.2517151    0.223923
   2.2579128    0.221436
   2.2641145    0.218973
   2.2703121    0.216534
   2.2765138     0.21412
   2.2827114    0.211731
   2.2889131    0.209368
   2.2951148     0.20703
   2.3013124    0.204719
   2.3075141    0.202435
   2.3137117    0.200178
   2.3199134    0.197948
    2.326111    0.195747
   2.3323127    0.193574
   2.3385144     0.19143
    2.344712    0.189315
   2.3509137     0.18723
   2.3571113    0.185175
    2.363313    0.183152
   2.3695106    0.181159
   2.3757123      0.1792
    2.381914    0.177272
   2.3881116    0.175378
   2.3943133    0.173516
   2.4005109    0.171686
   2.4067126    0.169887
   2.4129102    0.168119
   2.4191119    0.166381
   2.4253136    0.164673
   2.4315112    0.162993
   2.4377129    0.161341
   2.4439105    0.159717
   2.4501122     0.15812
   2.4563098     0.15655
   2.4625115    0.155005
   2.4687132    0.153485
   2.4749108     0.15199
   2.4811125    0.150519
   2.4873101    0.149072
   2.4935118    0.147647
   2.4997135    0.146245
   2.5059111    0.144864
   2.5121128    0.143505
   2.5183105    0.142165
   2.5245121    0.140846
   2.5307098    0.139546
   2.5369114    0.138266
   2.5431131    0.137002
   2.5493108    0.135757
   2.5555124    0.134528
   2.5617101    0.133316
   2.5679118     0.13212
   2.5741094    0.130939
   2.5803111    0.129772
   2.5865128    0.128619
   2.5927104    0.127481
   2.5989121    0.126356
   2.6051097    0.125244
   2.6113114    0.124145
    2.617509     0.12306
   2.6237107    0.121987
   2.6299124    0.120926
     2.63611    0.119879
   2.6423117    0.118843
   2.6485093    0.117819
    2.654711    0.116806
   2.6609086    0.115805
   2.6671103    0.114815
    2.673312    0.113837
   2.6795096    0.112869
   2.6857113    0.111912
   2.6919089    0.110965
   2.6981106    0.110029
   2.7043082    0.109104
   2.7105099    0.108188
   2.7167116    0.107283
   2.7229092    0.106387
   2.7291109    0.105501
   2.7353085    0.104625
   2.7415102    0.103759
   2.7477078    0.102901
   2.7539095    0.102053
   2.7601112    0.101214
   2.7663088    0.100384
   2.7725105   0.0995628
   2.7787081   0.0987502
   2.7849098   0.0979462
   2.7911074    0.097151
   2.7973091    0.096364
   2.8035108   0.0955852
   2.8097084   0.0948148
   2.8159101   0.0940524
   2.8221078   0.0932984
   2.8283094    0.092552
   2.8345111   0.0918132
   2.8407088   0.0910822
   2.8469104   0.0903584
   2.8531081    0.089642
   2.8593098    0.088933
   2.8655074   0.0882308
   2.8717091   0.0875356
   2.8779108   0.0868472
   2.8841084   0.0861656
   2.8903101   0.0854906
   2.8965077   0.0848218
   2.9027094   0.0841594
    2.908907   0.0835032
   2.9151087   0.0828534
   2.9213104    0.082209
    2.927508   0.0815706
   2.9337097   0.0809376
   2.9399073   0.0803106
    2.946109    0.079689
   2.9523066   0.0790728
   2.9585083   0.0784618
     2.96471   0.0778558
   2.9709076   0.0772548
   2.9771093   0.0766588
   2.9833069    0.076068
   2.9895086    0.075482
   2.9957062   0.0749006
   3.0019079    0.074324
   3.0081096   0.0737524
   3.0143072   0.0731852
   3.0205089   0.0726228
   3.0267065   0.0720648
   3.0329082   0.0715108
   3.0391058   0.0709622
   3.0453075   0.0704176
   3.0515092   0.0698776
   3.0577068    0.069342
   3.0639085   0.0688106
   3.0701061    0.068284
   3.0763078   0.0677616
   3.0825054   0.0672442
   3.0887071   0.0667308
   3.0949088    0.066222
   3.1011064   0.0657176
   3.1073081   0.0652174
   3.1135058   0.0647224
   3.1197074   0.0642314
   3.1259091    0.063745
   3.1321068   0.0632632
   3.1383084   0.0627854
   3.1445061   0.0623128
   3.1507078   0.0618442
   3.1569054   0.0613802
   3.1631071   0.0609206
   3.1693088   0.0604658
   3.1755064   0.0600152
   3.1817081    0.059569
   3.1879057   0.0591274
   3.1941074   0.0586906
    3.200305   0.0582584
   3.2065067     0.05783
   3.2127084   0.0574066
    3.218906   0.0569876
   3.2251077   0.0565734
   3.2313053   0.0561634
    3.237507   0.0557578
   3.2437046   0.0553568
   3.2499063   0.0549604
    3.256108   0.0545684
   3.2623056    0.054181
   3.2685073   0.0537982
   3.2747049   0.0534196
   3.2809066   0.0530458
   3.2871042   0.0526768
   3.2933059   0.0523122
   3.2995076   0.0519522
   3.3057052   0.0515964
   3.3119069   0.0512454
   3.3181045   0.0508986
   3.3243062   0.0505558
   3.3305038   0.0502174
   3.3367055   0.0498834
   3.3429072    0.049553
   3.3491048   0.0492272
   3.3553065    0.048905
   3.3615041   0.0485868
   3.3677058   0.0482724
   3.3739034    0.047962
   3.3801051   0.0476548
   3.3863068    0.047352
   3.3925044   0.0470522
   3.3987061   0.0467562
   3.4049038   0.0464636
   3.4111054   0.0461742
   3.4173031   0.0458884
   3.4235048   0.0456056
   3.4297064   0.0453262
   3.4359041     0.04505
   3.4421058   0.0447766
   3.4483034   0.0445066
   3.4545051    0.044239
   3.4607068   0.0439748
   3.4669044   0.0437132
   3.4731061   0.0434542
   3.4793037   0.0431978
   3.4855054   0.0429446
    3.491703   0.0426934
   3.4979047   0.0424452
   3.5041064   0.0421992
    3.510304    0.041955
   3.5165057   0.0417138
   3.5227033    0.041475
    3.528905   0.0412378
   3.5351026   0.0410028
   3.5413043     0.04077
    3.547506   0.0405392
   3.5537036   0.0403102
   3.5599053   0.0400834
   3.5661029   0.0398582
   3.5723046    0.039635
   3.5785022   0.0394136
   3.5847039   0.0391934
   3.5909056   0.0389754
   3.5971032    0.038759
   3.6033049   0.0385444
   3.6095025    0.038331
   3.6157042   0.0381194
   3.6219018    0.037909
   3.6281035   0.0377006
   3.6343052   0.0374936
   3.6405028   0.0372876
   3.6467045   0.0370836
   3.6529021   0.0368806
   3.6591038   0.0366788
   3.6653014   0.0364788
   3.6715031   0.0362796
   3.6777048   0.0360816
   3.6839024   0.0358854
   3.6901041   0.0356902
   3.6963018   0.0354962
   3.7025034   0.0353034
   3.7087011   0.0351118
   3.7149028   0.0349218
   3.7211044   0.0347324
   3.7273021   0.0345446
   3.7335038   0.0343576
   3.7397014   0.0341722
   3.7459031   0.0339876
   3.7521007   0.0338044
   3.7583024   0.0336222
   3.7645041   0.0334412
   3.7707017   0.0332612
   3.7769034   0.0330824
    3.783101   0.0329046
   3.7893027    0.032728
   3.7955003   0.0325524
    3.801702   0.0323778
   3.8079037   0.0322048
   3.8141013   0.0320322
    3.820303   0.0318608
   3.8265006   0.0316904
   3.8327023    0.031521
    3.838904   0.0313526
   3.8451016   0.0311854
   3.8513033    0.031019
   3.8575009   0.0308538
   3.8637026   0.0306896
   3.8699002    0.030526
   3.8761019   0.0303636
   3.8823036   0.0302022
   3.8885012   0.0300418
   3.8947029   0.0298824
   3.9009005   0.0297238
   3.9071022   0.0295662
   3.9132998   0.0294096
   3.9195015   0.0292538
   3.9257032   0.0290992
   3.9319008   0.0289454
   3.9381025   0.0287922
   3.9443001   0.0286402
   3.9505018    0.028489
   3.9566994   0.0283384
   3.9629011   0.0281892
   3.9691028   0.0280404
   3.9753004    0.027893
   3.9815021    0.027746
   3.9876998   0.0276002
   3.9939014   0.0274548
   4.0000991   0.0273104
   4.0063008   0.0271672
   4.0125024   0.0270246
   4.0187001   0.0268826
   4.0249018   0.0267416
   4.0310994   0.0266012
   4.0373011   0.0264618
   4.0434987   0.0263232
   4.0497004   0.0261852
   4.0559021    0.026048
   4.0620997   0.0259114
   4.0683014    0.025776
    4.074499   0.0256408
   4.0806884   0.0255068
    4.086882   0.0253734
   4.0931163   0.0252408
   4.0993098   0.0251088
   4.1055034   0.0249776
   4.1116969    0.024847
   4.1178904    0.024717
    4.124084   0.0245882
   4.1303183   0.0244598
   4.1365118    0.024332
   4.1427054   0.0242048
   4.1488989   0.0240786
   4.1550924    0.023953
    4.161286    0.023828
   4.1674795    0.023704
   4.1737138   0.0235802
   4.1799074   0.0234576
   4.1861009   0.0233356
   4.1922944    0.023214
    4.198488   0.0230932
   4.2046815    0.022973
   4.2109158    0.022854
   4.2171094   0.0227352
   4.2233029    0.022617
   4.2294964   0.0224998
     4.23569   0.0223832
   4.2418835   0.0222672
   4.2481178    0.022152
   4.2543114   0.0220378
   4.2605049    0.021924
   4.2666984   0.0218108
    4.272892   0.0216986
   4.2790855    0.021587
   4.2852791    0.021476
   4.2915134   0.0213658
   4.2977069   0.0212562
   4.3039004   0.0211472
    4.310094   0.0210396
   4.3162875    0.020932
   4.3224811   0.0208256
   4.3287154   0.0207198
   4.3349089   0.0206146
   4.3411024   0.0205104
    4.347296    0.020407
   4.3534895    0.020304
   4.3596831    0.020202
   4.3659174   0.0201002
   4.3721109   0.0199998
   4.3783044      0.0199
    4.384498   0.0198012
   4.3906915   0.0197026
   4.3968851   0.0196054
   4.4030786   0.0195084
   4.4093129   0.0194124
   4.4155064    0.019317
      4.4217   0.0192228
   4.4278935   0.0191292
   4.4340871   0.0190362
   4.4402806   0.0189444
   4.4465149   0.0188532
   4.4527084   0.0187624
    4.458902   0.0186726
   4.4650955    0.018584
   4.4712891   0.0184958
   4.4774826   0.0184088
   4.4837169    0.018322
   4.4899104   0.0182366
    4.496104   0.0181518
   4.5022975   0.0180676
   4.5084911   0.0179844
   4.5146846   0.0179022
   4.5208781   0.0178206
   4.5271124     0.01774
    4.533306   0.0176596
   4.5394995   0.0175812
   4.5456931   0.0175028
   4.5518866    0.017425
   4.5580801   0.0173486
   4.5643144   0.0172728
    4.570508    0.017198
   4.5767015   0.0171238
   4.5828951   0.0170502
   4.5890886    0.016978
   4.5952821   0.0169062
   4.6015164   0.0168354
     4.60771   0.0167652
   4.6139035   0.0166956
   4.6200971    0.016627
   4.6262906    0.016559
   4.6324841   0.0164922
   4.6386777   0.0164256
    4.644912     0.01636
   4.6511055    0.016295
   4.6572991    0.016231
   4.6634926   0.0161678
   4.6696861   0.0161048
   4.6758797   0.0160428
    4.682114   0.0159818
   4.6883075    0.015921
   4.6945011   0.0158612
   4.7006946   0.0158018
   4.7068881   0.0157436
   4.7130817   0.0156856
    4.719316   0.0156284
   4.7255095    0.015572
   4.7317031   0.0155162
   4.7378966   0.0154608
   4.7440901   0.0154062
   4.7502837   0.0153524
   4.7564772    0.015299
   4.7627115   0.0152462
   4.7689051   0.0151942
   4.7750986    0.015143
   4.7812921    0.015092
   4.7874857    0.015042
   4.7936792   0.0149924
   4.7999135   0.0149434
    4.806107   0.0148948
   4.8123006   0.0148472
   4.8184941   0.0147998
   4.8246877   0.0147532
   4.8308812   0.0147068
   4.8370748   0.0146614
    4.843309   0.0146162
   4.8495026   0.0145718
   4.8556961    0.014528
   4.8618897   0.0144848
   4.8680832    0.014442
   4.8742768   0.0143994
    4.880511   0.0143576
   4.8867046   0.0143164
   4.8928981   0.0142758
   4.8990917   0.0142356
   4.9052852   0.0141956
   4.9114788   0.0141564
    4.917713   0.0141176
   4.9239066   0.0140792
   4.9301001   0.0140416
   4.9362937   0.0140042
   4.9424872   0.0139672
   4.9486808    0.013931
   4.9548743   0.0138948
   4.9611086   0.0138592
   4.9673021    0.013824
   4.9734957   0.0137888
   4.9796892   0.0137548
   4.9858828   0.0137204
   4.9920763   0.0136864
   4.9983106    0.013653
   5.0045041     0.01362
   5.0106977    0.013587
   5.0168912   0.0135544
   5.0230848   0.0135222
   5.0292783   0.0134902
   5.0355126   0.0134582
   5.0417061   0.0134266
   5.0478997   0.0133954
   5.0540932   0.0133644
   5.0602868   0.0133334
   5.0664803   0.0133028
   5.0726738   0.0132724
   5.0789081   0.0132416
   5.0851017   0.0132114
   5.0912952   0.0131814
   5.0974887   0.0131516
   5.1036823   0.0131218
   5.1098758   0.0130922
   5.1161101   0.0130628
   5.1223037   0.0130336
   5.1284972   0.0130042
   5.1346907   0.0129752
   5.1408843   0.0129462
   5.1470778   0.0129172
   5.1533121   0.0128884
   5.1595057   0.0128598
   5.1656992   0.0128312
   5.1718927   0.0128028
   5.1780863   0.0127744
   5.1842798    0.012746
   5.1904734   0.0127178
   5.1967077   0.0126894
   5.2029012   0.0126614
   5.2090947   0.0126332
   5.2152883   0.0126052
   5.2214818    0.012577
   5.2276754    0.012549
   5.2339097    0.012521
   5.2401032   0.0124932
   5.2462967   0.0124652
   5.2524903   0.0124372
   5.2586838    0.012409
   5.2648774   0.0123812
   5.2711117   0.0123534
   5.2773052    0.012325
   5.2834987   0.0122972
   5.2896923   0.0122694
   5.2958858   0.0122412
   5.3020794   0.0122132
   5.3082729   0.0121848
   5.3145072   0.0121566
   5.3207007   0.0121282
   5.3268943   0.0121004
   5.3330878   0.0120718
   5.3392814   0.0120434
   5.3454749   0.0120148
   5.3517092   0.0119862
   5.3579027   0.0119576
   5.3640963   0.0119288
   5.3702898   0.0119002
   5.3764834   0.0118716
   5.3826769   0.0118428
   5.3889112    0.011814
   5.3951047   0.0117854
   5.4012983   0.0117568
   5.4074918   0.0117286
   5.4136854   0.0116998
   5.4198789   0.0116714
   5.4260724   0.0116428
   5.4323067   0.0116144
   5.4385003   0.0115862
   5.4446938   0.0115578
   5.4508874     0.01153
   5.4570809   0.0115018
   5.4632744    0.011474
   5.4695087   0.0114462
   5.4757023   0.0114182
   5.4818958    0.011391
   5.4880894   0.0113638
   5.4942829   0.0113366
   5.5004764   0.0113096
     5.50667   0.0112828
   5.5129043    0.011256
   5.5190978   0.0112296
   5.5252914   0.0112034
   5.5314849   0.0111776
   5.5376784   0.0111518
    5.543872   0.0111262
   5.5501063   0.0111008
   5.5562998   0.0110758
   5.5624934    0.011051
   5.5686869   0.0110266
   5.5748804   0.0110026
    5.581074   0.0109786
   5.5873083    0.010955
   5.5935018   0.0109316
   5.5996954   0.0109086
   5.6058889   0.0108858
   5.6120824   0.0108636
    5.618276   0.0108416
   5.6244695   0.0108196
   5.6307038   0.0107986
   5.6368974   0.0107776
   5.6430909   0.0107572
   5.6492844   0.0107368
    5.655478   0.0107172
   5.6616715   0.0106978
   5.6679058   0.0106786
   5.6740994     0.01066
   5.6802929    0.010642
   5.6864864   0.0106242
     5.69268   0.0106068
   5.6988735   0.0105898
   5.7051078   0.0105734
   5.7113014    0.010557
   5.7174949   0.0105416
   5.7236884   0.0105262
    5.729882   0.0105116
   5.7360755   0.0104974
   5.7422691   0.0104836
   5.7485034   0.0104704
   5.7546969   0.0104572
   5.7608904   0.0104448
    5.767084    0.010433
   5.7732775   0.0104216
   5.7794711   0.0104106
   5.7857053   0.0104002
   5.7918989   0.0103902
   5.7980924   0.0103804
    5.804286   0.0103716
   5.8104795    0.010363
   5.8166731    0.010355
   5.8229073   0.0103472
   5.8291009   0.0103404
   5.8352944   0.0103334
    5.841488   0.0103272
   5.8476815   0.0103212
   5.8538751   0.0103158
   5.8600686    0.010311
   5.8663029   0.0103064
   5.8724964    0.010302
     5.87869   0.0102982
   5.8848835    0.010295
   5.8910771   0.0102918
   5.8972706    0.010289
   5.9035049    0.010287
   5.9096984    0.010285
    5.915892   0.0102834
   5.9220855   0.0102826
   5.9282791   0.0102814
   5.9344726   0.0102812
   5.9407069   0.0102808
   5.9469004    0.010281
    5.953094   0.0102814
   5.9592875   0.0102824
   5.9654811   0.0102834
   5.9716746    0.010285
   5.9778681   0.0102868
   5.9841024   0.0102888
    5.990296    0.010291
   5.9964895   0.0102936
   6.0026831   0.0102966
   6.0088766   0.0102996
   6.0150701   0.0103032
   6.0213044   0.0103066
    6.027498   0.0103106
   6.0336915   0.0103146
   6.0398851    0.010319
   6.0460786   0.0103238
   6.0522721   0.0103286
   6.0585064   0.0103336
      6.0647   0.0103388
   6.0708935   0.0103442
    6.077087     0.01035
   6.0832806   0.0103558
   6.0894741   0.0103618
   6.0956677    0.010368
    6.101902   0.0103744
   6.1080955   0.0103808
