 0.065843055     427.417
 0.072030485     323.411
 0.078217915     245.946
 0.084405345     192.633
 0.090592775     154.782
 0.096780205     131.124
  0.10296763      115.98
  0.10915466     105.613
  0.11534209     98.3607
  0.12152952     93.7668
  0.12771695     92.6361
  0.13390438     94.7799
  0.14009181     98.0605
  0.14627924     100.428
  0.15246626     100.817
  0.15865369      99.261
  0.16484112     96.3916
  0.17102855     93.4056
  0.17721598     91.3436
  0.18340341     90.2943
  0.18959043     89.8672
  0.19577786     89.7485
  0.20196529     89.7215
  0.20815272      89.614
  0.21434015     89.3147
  0.22052758     88.7689
   0.2267146      87.965
  0.23290203     86.9383
  0.23908946     85.7302
  0.24527689     84.4052
  0.25146432     83.0348
  0.25765175     81.6689
  0.26383918     80.3316
   0.2700262     79.0163
  0.27621363     77.7171
  0.28240106     76.4406
  0.28858849     75.1937
  0.29477592      73.974
  0.30096335     72.7712
  0.30715038     71.5791
  0.31333781     70.4059
  0.31952524     69.2623
  0.32571267     68.1593
   0.3319001     67.0988
  0.33808753     66.0544
  0.34427496     64.9995
  0.35046198     63.9123
  0.35664941     62.7728
  0.36283684     61.5808
  0.36902427     60.3485
   0.3752117     59.0887
  0.38139913     57.8166
  0.38758615     56.5501
  0.39377358      55.303
  0.39996101     54.0867
  0.40614844     52.9106
  0.41233505     51.7832
  0.41852452     50.7122
  0.42470991     49.6965
  0.43089938     48.7284
  0.43708477     47.7991
  0.44327424     46.8986
  0.44945963     46.0164
   0.4556491     45.1439
  0.46183449     44.2766
  0.46802396      43.411
  0.47420935     42.5466
  0.48039882     41.6847
  0.48658421     40.8265
  0.49276961      39.973
  0.49895907     39.1249
  0.50514447     38.2838
  0.51133393     37.4516
  0.51751933     36.6301
  0.52370879     35.8207
  0.52989419     35.0246
  0.53608365     34.2427
  0.54226904     33.4755
  0.54845851     32.7241
   0.5546439     31.9888
  0.56083337     31.2703
  0.56701876     30.5688
  0.57320823     29.8843
  0.57939362     29.2166
  0.58558309     28.5655
  0.59176848     27.9309
  0.59795795     27.3124
  0.60414334     26.7097
  0.61033281     26.1225
   0.6165182     25.5505
  0.62270767     24.9932
  0.62889306       24.45
  0.63508253     23.9197
  0.64126792     23.4014
  0.64745739     22.8941
  0.65364278     22.3974
  0.65983225     21.9105
  0.66601764      21.433
  0.67220711     20.9643
   0.6783925     20.5044
  0.68458197     20.0532
  0.69076736     19.6109
  0.69695275     19.1776
  0.70314222     18.7533
  0.70932761     18.3382
  0.71551708     17.9323
  0.72170247     17.5356
  0.72789194     17.1483
  0.73407733     16.7699
   0.7402668     16.4001
  0.74645219     16.0387
  0.75264166     15.6852
  0.75882705     15.3394
  0.76501652     15.0009
  0.77120191     14.6695
  0.77739138     14.3448
  0.78357677     14.0267
  0.78976624     13.7147
  0.79595163     13.4089
   0.8021411     13.1091
  0.80832649     12.8152
  0.81451596     12.5272
  0.82070135     12.2452
  0.82689082      11.969
  0.83307621     11.6988
  0.83926568     11.4344
  0.84545107     11.1758
  0.85164054     10.9231
  0.85782593     10.6761
   0.8640154     10.4349
  0.87020079     10.1994
  0.87639026     9.96966
  0.88257565     9.74558
  0.88876104     9.52717
  0.89495051     9.31439
   0.9011359     9.10715
  0.90732537     8.90534
  0.91351076     8.70887
  0.91970023     8.51762
  0.92588562     8.33148
  0.93207509     8.15025
  0.93826048     7.97375
  0.94444995     7.80177
  0.95063534     7.63412
  0.95682481     7.47059
   0.9630102     7.31099
  0.96919967     7.15514
  0.97538506     7.00286
  0.98157453     6.85399
  0.98775992     6.70834
  0.99394939     6.56576
   1.0001348     6.42611
   1.0063242     6.28935
   1.0125096     6.15546
   1.0186991     6.02441
   1.0248845      5.8962
    1.031074     5.77079
   1.0372594     5.64818
   1.0434488     5.52834
   1.0496342     5.41125
   1.0558237      5.2969
   1.0620091     5.18528
   1.0681985     5.07637
   1.0743839     4.97016
   1.0805734     4.86664
   1.0867588     4.76579
   1.0929442     4.66758
   1.0991337     4.57198
   1.1053191     4.47897
   1.1115085      4.3885
   1.1176939     4.30051
   1.1238834     4.21493
   1.1300688     4.13169
   1.1362582     4.05073
   1.1424436       3.972
   1.1486331     3.89542
   1.1548185     3.82096
    1.161008     3.74855
   1.1671934     3.67814
   1.1733828     3.60967
   1.1795682     3.54307
   1.1857577     3.47824
   1.1919431     3.41512
   1.1981325     3.35361
   1.2043179     3.29363
   1.2105074      3.2351
   1.2166928     3.17793
   1.2228823     3.12205
   1.2290677     3.06736
   1.2352571     3.01379
   1.2414425     2.96128
    1.247632     2.90977
   1.2538174     2.85921
   1.2600068     2.80954
   1.2661922     2.76072
   1.2723817     2.71272
   1.2785671     2.66552
   1.2847525     2.61912
   1.2909419     2.57352
   1.2971273     2.52873
   1.3033168     2.48472
   1.3095022     2.44152
   1.3156917      2.3991
   1.3218771     2.35748
   1.3280665     2.31664
   1.3342519     2.27658
   1.3404414     2.23731
   1.3466268     2.19882
   1.3528162      2.1611
   1.3590016     2.12416
   1.3651911       2.088
   1.3713765      2.0526
    1.377566     2.01797
   1.3837514     1.98408
   1.3899408     1.95091
   1.3961262     1.91844
   1.4023157     1.88664
   1.4085011      1.8555
   1.4146905     1.82499
   1.4208759     1.79509
   1.4270654     1.76577
   1.4332508     1.73702
   1.4394403     1.70881
   1.4456257     1.68111
   1.4518151     1.65393
   1.4580005     1.62722
     1.46419     1.60098
   1.4703754     1.57519
   1.4765648     1.54983
   1.4827502     1.52488
   1.4889356     1.50033
   1.4951251     1.47617
   1.5013105      1.4524
      1.5075     1.42901
   1.5136854       1.406
   1.5198748     1.38336
   1.5260602      1.3611
   1.5322497     1.33921
   1.5384351     1.31768
   1.5446245     1.29653
   1.5508099     1.27574
   1.5569994     1.25531
   1.5631848     1.23525
   1.5693743     1.21556
   1.5755596     1.19623
   1.5817491     1.17726
   1.5879345     1.15866
    1.594124     1.14042
   1.6003094     1.12253
   1.6064988     1.10501
   1.6126842     1.08785
   1.6188737     1.07105
   1.6250591     1.05459
   1.6312486     1.03849
   1.6374339     1.02272
   1.6436234     1.00728
   1.6498088    0.992177
   1.6559983    0.977395
   1.6621837     0.96293
   1.6683731    0.948778
   1.6745585    0.934933
   1.6807439     0.92139
   1.6869334    0.908143
   1.6931188    0.895187
   1.6993082    0.882517
   1.7054936    0.870128
   1.7116831    0.858013
   1.7178685    0.846167
    1.724058    0.834584
   1.7302434    0.823257
   1.7364328     0.81218
   1.7426182    0.801348
   1.7488077    0.790753
   1.7549931    0.780391
   1.7611825    0.770255
   1.7673679    0.760338
   1.7735574    0.750637
   1.7797428    0.741144
   1.7859323    0.731853
   1.7921177    0.722759
   1.7983071    0.713856
   1.8044925    0.705138
    1.810682    0.696599
   1.8168674    0.688232
   1.8230568    0.680034
   1.8292422    0.671996
   1.8354317    0.664113
   1.8416171     0.65638
   1.8478066    0.648791
    1.853992    0.641339
   1.8601814     0.63402
   1.8663668    0.626826
   1.8725563    0.619751
   1.8787417    0.612792
   1.8849271    0.605941
   1.8911165    0.599194
   1.8973019    0.592548
   1.9034914    0.585999
   1.9096768    0.579546
   1.9158663    0.573185
   1.9220516    0.566915
   1.9282411    0.560735
   1.9344265    0.554641
    1.940616    0.548633
   1.9468014    0.542706
   1.9529908    0.536861
   1.9591762    0.531094
   1.9653657    0.525403
   1.9715511    0.519787
   1.9777406    0.514243
   1.9839259    0.508769
   1.9901154    0.503363
   1.9963008    0.498023
   2.0024903    0.492747
   2.0086757    0.487534
   2.0148651    0.482382
   2.0210505     0.47729
     2.02724    0.472259
   2.0334254    0.467287
   2.0396149    0.462376
   2.0458002    0.457523
   2.0519897    0.452729
   2.0581751    0.447993
   2.0643646    0.443312
     2.07055    0.438687
   2.0767394    0.434115
   2.0829248    0.429595
   2.0891102    0.425127
   2.0952997    0.420709
   2.1014851    0.416341
   2.1076745    0.412019
   2.1138599    0.407745
   2.1200494    0.403516
   2.1262348    0.399332
   2.1324243    0.395191
   2.1386097    0.391093
   2.1447991    0.387037
   2.1509845    0.383022
    2.157174    0.379047
   2.1633594    0.375112
   2.1695488    0.371216
   2.1757342    0.367358
   2.1819237    0.363539
   2.1881091    0.359756
   2.1942986     0.35601
    2.200484    0.352299
   2.2066734    0.348623
   2.2128588    0.344983
   2.2190483    0.341375
   2.2252337    0.337802
   2.2314231    0.334263
   2.2376085    0.330757
    2.243798    0.327286
   2.2499834    0.323849
   2.2561729    0.320446
   2.2623583    0.317077
   2.2685477    0.313744
   2.2747331    0.310444
   2.2809185     0.30718
    2.287108     0.30395
   2.2932934    0.300755
   2.2994828    0.297595
   2.3056682     0.29447
   2.3118577    0.291381
   2.3180431    0.288326
   2.3242326    0.285308
   2.3304179    0.282324
   2.3366074    0.279376
   2.3427928    0.276464
   2.3489823    0.273588
   2.3551677    0.270747
   2.3613571    0.267942
   2.3675425    0.265174
    2.373732    0.262441
   2.3799174    0.259745
   2.3861069    0.257084
   2.3922922    0.254458
   2.3984817    0.251869
   2.4046671    0.249315
   2.4108566    0.246797
    2.417042    0.244314
   2.4232314    0.241865
   2.4294168     0.23945
   2.4356063    0.237068
   2.4417917    0.234719
   2.4479812    0.232403
   2.4541665     0.23012
    2.460356    0.227868
   2.4665414    0.225647
   2.4727309    0.223457
   2.4789163    0.221298
   2.4851017    0.219168
   2.4912911    0.217068
   2.4974765    0.214997
    2.503666    0.212954
   2.5098514     0.21094
   2.5160408    0.208953
   2.5222262    0.206993
   2.5284157     0.20506
   2.5346011    0.203153
   2.5407906    0.201271
    2.546976    0.199415
   2.5531654    0.197584
   2.5593508    0.195778
   2.5655403    0.193995
   2.5717257    0.192235
   2.5779151    0.190498
   2.5841005    0.188784
     2.59029    0.187093
   2.5964754    0.185422
   2.6026649    0.183773
   2.6088503    0.182144
   2.6150397    0.180536
   2.6212251    0.178948
   2.6274146    0.177381
      2.6336    0.175832
   2.6397894    0.174303
   2.6459748    0.172794
   2.6521643    0.171303
   2.6583497    0.169831
   2.6645392    0.168378
   2.6707246    0.166943
   2.6769099    0.165527
   2.6830994    0.164129
   2.6892848    0.162748
   2.6954743    0.161385
   2.7016597    0.160039
   2.7078491    0.158711
   2.7140345      0.1574
    2.720224    0.156105
   2.7264094    0.154827
   2.7325989    0.153566
   2.7387842    0.152321
   2.7449737    0.151092
   2.7511591    0.149878
   2.7573486    0.148681
    2.763534    0.147499
   2.7697234    0.146332
   2.7759088     0.14518
   2.7820983    0.144043
   2.7882837     0.14292
   2.7944732    0.141812
   2.8006585    0.140719
    2.806848     0.13964
   2.8130334    0.138574
   2.8192229    0.137523
   2.8254083    0.136485
   2.8315977    0.135461
   2.8377831     0.13445
   2.8439726    0.133453
    2.850158    0.132468
   2.8563474    0.131497
   2.8625328    0.130539
   2.8687223    0.129593
   2.8749077     0.12866
   2.8810931    0.127739
   2.8872826     0.12683
    2.893468    0.125933
   2.8996574    0.125049
   2.9058428    0.124175
   2.9120323    0.123314
   2.9182177    0.122464
   2.9244071    0.121626
   2.9305925    0.120798
    2.936782    0.119982
   2.9429674    0.119176
   2.9491569    0.118381
   2.9553423    0.117597
   2.9615317    0.116824
   2.9677171     0.11606
   2.9739066    0.115307
    2.980092    0.114563
   2.9862814     0.11383
   2.9924668    0.113106
   2.9986563    0.112392
   3.0048417    0.111687
   3.0110312    0.110992
   3.0172166    0.110306
    3.023406    0.109629
   3.0295914     0.10896
   3.0357809    0.108301
   3.0419663     0.10765
   3.0481557    0.107008
   3.0543411    0.106374
   3.0605306    0.105748
    3.066716     0.10513
   3.0729014     0.10452
   3.0790909    0.103918
   3.0852762    0.103323
   3.0914657    0.102737
   3.0976511    0.102157
   3.1038406    0.101585
    3.110026     0.10102
   3.1162154    0.100462
   3.1224008   0.0999102
   3.1285903    0.099366
   3.1347757   0.0988278
   3.1409651   0.0982962
   3.1471505   0.0977712
     3.15334   0.0972518
   3.1595254   0.0967388
   3.1657149    0.096232
   3.1719003   0.0957306
   3.1780897    0.095235
   3.1842751    0.094745
   3.1904646   0.0942602
     3.19665   0.0937806
   3.2028394   0.0933066
   3.2090248    0.092837
   3.2152143   0.0923724
   3.2213997   0.0919128
   3.2275892   0.0914576
   3.2337746    0.091007
    3.239964   0.0905608
   3.2461494   0.0901186
   3.2523389   0.0896806
   3.2585243    0.089247
   3.2647137   0.0888168
   3.2708991   0.0883906
   3.2770845   0.0879682
    3.283274   0.0875496
   3.2894594   0.0871344
   3.2956489   0.0867228
   3.3018343   0.0863148
   3.3080237   0.0859102
   3.3142091    0.085509
   3.3203986   0.0851114
    3.326584    0.084717
   3.3327734    0.084326
   3.3389588   0.0839384
   3.3451483   0.0835538
   3.3513337   0.0831722
   3.3575232   0.0827944
   3.3637086    0.082419
    3.369898    0.082047
   3.3760834   0.0816782
   3.3822729    0.081312
   3.3884583   0.0809486
   3.3946477   0.0805884
   3.4008331    0.080231
   3.4070226   0.0798766
    3.413208   0.0795242
   3.4193975    0.079175
   3.4255829   0.0788286
   3.4317723   0.0784846
   3.4379577   0.0781428
   3.4441472   0.0778042
   3.4503326   0.0774676
    3.456522   0.0771336
   3.4627074    0.076802
   3.4688928   0.0764728
   3.4750823   0.0761458
   3.4812677   0.0758212
   3.4874571   0.0754986
   3.4936425    0.075178
    3.499832   0.0748602
   3.5060174    0.074544
   3.5122069     0.07423
   3.5183923    0.073918
   3.5245817   0.0736076
   3.5307671   0.0732994
   3.5369566   0.0729932
    3.543142   0.0726886
   3.5493314    0.072386
   3.5555168   0.0720848
   3.5617063   0.0717856
   3.5678917   0.0714878
   3.5740812   0.0711924
   3.5802666   0.0708978
    3.586456   0.0706054
   3.5926414   0.0703142
   3.5988309   0.0700246
   3.6050163   0.0697368
   3.6112057   0.0694504
   3.6173911   0.0691656
   3.6235806   0.0688824
    3.629766   0.0686008
   3.6359555   0.0683208
   3.6421409   0.0680418
   3.6483303   0.0677648
   3.6545157   0.0674892
   3.6607052   0.0672148
   3.6668906    0.066942
    3.673076   0.0666706
   3.6792654   0.0664006
   3.6854508   0.0661324
   3.6916403    0.065865
   3.6978257   0.0655996
   3.7040152   0.0653356
   3.7102006   0.0650728
     3.71639   0.0648114
   3.7225754   0.0645518
   3.7287649   0.0642932
   3.7349503    0.064036
   3.7411397   0.0637804
   3.7473251   0.0635262
   3.7535146   0.0632734
      3.7597   0.0630224
   3.7658895   0.0627724
   3.7720748   0.0625238
   3.7782643   0.0622764
   3.7844497   0.0620312
   3.7906392   0.0617868
   3.7968246   0.0615436
    3.803014   0.0613024
   3.8091994   0.0610622
   3.8153889   0.0608234
   3.8215743   0.0605862
   3.8277638   0.0603504
   3.8339491   0.0601158
   3.8401386   0.0598828
    3.846324    0.059651
   3.8525135   0.0594206
   3.8586989   0.0591918
   3.8648843    0.058964
   3.8710737    0.058738
   3.8772591    0.058513
   3.8834486   0.0582898
    3.889634   0.0580674
   3.8958234    0.057847
   3.9020088   0.0576276
   3.9081983   0.0574092
   3.9143837   0.0571924
   3.9205732    0.056977
   3.9267586   0.0567626
    3.932948   0.0565496
   3.9391334    0.056338
   3.9453229   0.0561276
   3.9515083   0.0559182
   3.9576977   0.0557102
   3.9638831   0.0555034
   3.9700726   0.0552976
    3.976258   0.0550932
   3.9824475     0.05489
   3.9886329   0.0546882
   3.9948223    0.054487
   4.0010077   0.0542874
   4.0071972   0.0540886
   4.0133826   0.0538912
    4.019572   0.0536948
   4.0257574   0.0534998
   4.0319469   0.0533056
   4.0381323   0.0531122
   4.0443218   0.0529204
   4.0505072   0.0527292
   4.0566966   0.0525394
    4.062882   0.0523506
   4.0690674   0.0521628
   4.0752691    0.051976
   4.0814626   0.0517902
   4.0876154   0.0516056
    4.093809    0.051422
   4.1000025   0.0512392
   4.1061961   0.0510576
   4.1123896   0.0508768
   4.1185831   0.0506974
   4.1247359   0.0505188
   4.1309295   0.0503414
    4.137123   0.0501646
   4.1433166   0.0499894
   4.1495101   0.0498148
   4.1557037   0.0496416
   4.1618972   0.0494688
     4.16805   0.0492976
   4.1742435   0.0491272
   4.1804371   0.0489578
   4.1866306   0.0487894
   4.1928242    0.048622
   4.1990177   0.0484556
   4.2052112   0.0482902
    4.211364   0.0481258
   4.2175576   0.0479626
   4.2237511   0.0478002
   4.2299447   0.0476382
   4.2361382   0.0474776
   4.2423317    0.047318
   4.2484845   0.0471592
   4.2546781   0.0470012
   4.2608716   0.0468442
   4.2670652    0.046688
   4.2732587   0.0465328
   4.2794522   0.0463784
   4.2856458   0.0462248
   4.2917986    0.046072
   4.2979921     0.04592
   4.3041857    0.045769
   4.3103792    0.045619
   4.3165728   0.0454692
   4.3227663   0.0453206
   4.3289191   0.0451724
   4.3351126   0.0450254
   4.3413062    0.044879
   4.3474997   0.0447334
   4.3536933   0.0445888
   4.3598868   0.0444446
   4.3660803   0.0443012
   4.3722331   0.0441588
   4.3784267    0.044017
   4.3846202   0.0438758
   4.3908138    0.043735
   4.3970073   0.0435954
   4.4032008   0.0434564
   4.4093944   0.0433178
   4.4155472   0.0431802
   4.4217407    0.043043
   4.4279343   0.0429066
   4.4341278    0.042771
   4.4403214    0.042636
   4.4465149   0.0425016
   4.4526677   0.0423678
   4.4588612   0.0422348
   4.4650548   0.0421022
   4.4712483   0.0419702
   4.4774419   0.0418388
   4.4836354    0.041708
   4.4898289   0.0415778
   4.4959817   0.0414484
   4.5021753   0.0413194
   4.5083688   0.0411906
   4.5145624   0.0410628
   4.5207559   0.0409354
   4.5269494   0.0408086
   4.5331022   0.0406824
   4.5392958   0.0405566
   4.5454893   0.0404314
   4.5516829   0.0403064
   4.5578764   0.0401822
   4.5640699   0.0400582
   4.5702635   0.0399352
   4.5764163   0.0398122
   4.5826098     0.03969
   4.5888034   0.0395682
   4.5949969   0.0394468
   4.6011905   0.0393264
    4.607384   0.0392056
   4.6135775    0.039086
   4.6197303   0.0389662
   4.6259239   0.0388476
   4.6321174   0.0387292
    4.638311   0.0386112
   4.6445045   0.0384938
    4.650698    0.038377
   4.6568508   0.0382604
   4.6630444   0.0381442
   4.6692379    0.038029
   4.6754315    0.037914
    4.681625   0.0377994
   4.6878185   0.0376852
   4.6940121   0.0375714
   4.7001649   0.0374588
   4.7063584    0.037346
    4.712552   0.0372338
   4.7187455    0.037122
   4.7249391    0.037011
   4.7311326   0.0369004
   4.7372854     0.03679
   4.7434789   0.0366802
   4.7496725   0.0365712
    4.755866   0.0364624
   4.7620596    0.036354
   4.7682531    0.036246
   4.7744466   0.0361388
   4.7805994   0.0360318
    4.786793   0.0359256
   4.7929865   0.0358196
   4.7991801   0.0357138
   4.8053736    0.035609
   4.8115671   0.0355046
   4.8177607   0.0354002
   4.8239135    0.035297
    4.830107    0.035194
   4.8363006   0.0350916
   4.8424941   0.0349898
   4.8486876   0.0348884
   4.8548812   0.0347876
    4.861034   0.0346876
   4.8672275   0.0345878
   4.8734211   0.0344886
   4.8796146   0.0343902
   4.8858082   0.0342928
   4.8920017    0.034195
   4.8981952   0.0340986
    4.904348   0.0340024
   4.9105416   0.0339072
   4.9167351   0.0338124
   4.9229287   0.0337184
   4.9291222   0.0336248
   4.9353157    0.033532
   4.9414685     0.03344
   4.9476621    0.033348
   4.9538556   0.0332574
   4.9600492   0.0331666
   4.9662427   0.0330772
   4.9724362   0.0329876
   4.9786298    0.032899
   4.9847826    0.032811
   4.9909761   0.0327234
   4.9971697   0.0326366
   5.0033632   0.0325498
   5.0095568    0.032464
   5.0157503   0.0323786
   5.0219438   0.0322936
   5.0280966   0.0322092
   5.0342902   0.0321252
   5.0404837   0.0320416
   5.0466773   0.0319584
   5.0528708    0.031876
   5.0590643   0.0317938
   5.0652171   0.0317122
   5.0714107   0.0316312
   5.0776042   0.0315506
   5.0837978   0.0314704
   5.0899913    0.031391
   5.0961848   0.0313116
   5.1023784   0.0312334
   5.1085312   0.0311554
   5.1147247   0.0310778
   5.1209183   0.0310008
   5.1271118   0.0309242
   5.1333054   0.0308486
   5.1394989   0.0307728
   5.1456517    0.030698
   5.1518452   0.0306234
   5.1580388   0.0305498
   5.1642323   0.0304766
   5.1704259   0.0304044
   5.1766194   0.0303322
   5.1828129    0.030261
   5.1889657   0.0301902
   5.1951593   0.0301198
   5.2013528   0.0300498
   5.2075464   0.0299808
   5.2137399   0.0299122
   5.2199334   0.0298446
    5.226127    0.029777
   5.2322798   0.0297102
   5.2384733    0.029644
   5.2446669   0.0295788
   5.2508604   0.0295136
   5.2570539    0.029449
   5.2632475   0.0293856
   5.2694003   0.0293224
   5.2755938   0.0292596
   5.2817874   0.0291978
   5.2879809   0.0291364
   5.2941745    0.029076
    5.300368   0.0290156
   5.3065615   0.0289562
   5.3127143   0.0288976
   5.3189079   0.0288394
   5.3251014   0.0287818
    5.331295   0.0287246
   5.3374885   0.0286682
    5.343682   0.0286126
   5.3498348   0.0285578
   5.3560284   0.0285034
   5.3622219     0.02845
   5.3684155   0.0283974
    5.374609    0.028345
   5.3808025    0.028294
   5.3869961   0.0282438
   5.3931489   0.0281942
   5.3993424   0.0281456
    5.405536   0.0280982
   5.4117295   0.0280516
   5.4179231    0.028006
   5.4241166   0.0279614
   5.4303101    0.027918
   5.4364629   0.0278752
   5.4426565    0.027834
     5.44885   0.0277938
   5.4550436   0.0277546
   5.4612371   0.0277166
   5.4674306   0.0276802
   5.4735834   0.0276446
    5.479777   0.0276106
   5.4859705   0.0275776
   5.4921641    0.027546
   5.4983576   0.0275156
   5.5045511    0.027487
   5.5107447   0.0274592
   5.5168975   0.0274334
    5.523091   0.0274084
   5.5292846   0.0273854
   5.5354781   0.0273636
   5.5416716    0.027343
   5.5478652   0.0273242
    5.554018   0.0273068
   5.5602115    0.027291
   5.5664051   0.0272768
   5.5725986   0.0272644
   5.5787922    0.027253
   5.5849857   0.0272436
   5.5911792   0.0272358
    5.597332   0.0272296
   5.6035256   0.0272252
   5.6097191   0.0272224
   5.6159127   0.0272216
   5.6221062    0.027222
