  0.06108177     604.156
 0.067278164      447.33
 0.073474966     327.166
  0.07967136      240.21
 0.085868162     176.672
 0.092064556     134.696
 0.098261358     109.752
  0.10445775     92.7589
  0.11065455     78.7294
  0.11685095     66.6079
  0.12304775     56.4574
  0.12924414     48.2825
  0.13544095     42.0364
  0.14163734     37.5278
  0.14783414     34.3135
  0.15403054     31.9527
  0.16022734     30.0813
  0.16642373     28.5684
  0.17262053     27.4195
  0.17881693     26.5745
  0.18501373     25.9031
  0.19121012     25.2834
  0.19740693     24.6525
  0.20360373     23.9694
  0.20980012     23.2367
  0.21599692     22.4833
  0.22219332      21.733
  0.22839012     21.0148
  0.23458651     20.3729
  0.24078331     19.8339
  0.24697971     19.3846
  0.25317651     19.0046
   0.2593729     18.6936
  0.26556971     18.4604
   0.2717661     18.3085
   0.2779629     18.2332
   0.2841593     18.2184
   0.2903561     18.2357
  0.29655249     18.2562
  0.30274929     18.2587
  0.30894569     18.2384
  0.31514249      18.196
  0.32133929     18.1322
  0.32753569     18.0511
  0.33373249     17.9584
  0.33992888     17.8595
  0.34612568     17.7627
  0.35232208     17.6734
  0.35851888     17.5914
  0.36471527     17.5106
  0.37091208     17.4224
  0.37710847     17.3205
  0.38330527      17.205
  0.38950167     17.0816
  0.39569847     16.9564
  0.40189486     16.8342
  0.40809329     16.7204
  0.41428684     16.6203
  0.42048445     16.5373
  0.42668207     16.4736
  0.43287969     16.4281
  0.43907323     16.3971
  0.44527084     16.3742
  0.45146846     16.3519
  0.45766608     16.3232
  0.46385962     16.2818
  0.47005724     16.2224
  0.47625485     16.1413
  0.48245247     16.0384
  0.48864601     15.9163
  0.49484363      15.778
  0.50104124     15.6264
  0.50723886     15.4643
   0.5134324     15.2945
  0.51963002     15.1193
  0.52582764      14.941
  0.53202525     14.7619
  0.53821879     14.5841
  0.54441641     14.4094
  0.55061403     14.2395
  0.55681164     14.0756
  0.56300519     13.9186
   0.5692028     13.7692
  0.57540042     13.6279
  0.58159804     13.4952
  0.58779158      13.371
  0.59398919     13.2543
  0.60018681      13.144
  0.60638443     13.0389
  0.61257797     12.9377
  0.61877559     12.8394
   0.6249732     12.7425
  0.63117082     12.6461
  0.63736436     12.5487
  0.64356198     12.4493
  0.64975959     12.3469
  0.65595721     12.2406
  0.66215075     12.1299
  0.66834837     12.0145
  0.67454599     11.8947
   0.6807436     11.7706
  0.68693715     11.6428
  0.69313476     11.5117
  0.69933238     11.3776
     0.70553     11.2411
  0.71172354     11.1027
  0.71792115     10.9629
  0.72411877     10.8223
  0.73031639     10.6813
  0.73650993     10.5405
  0.74270755     10.4004
  0.74890516     10.2615
  0.75510278     10.1241
  0.76129632     9.98858
  0.76749394     9.85497
  0.77369155     9.72335
  0.77988917      9.5938
  0.78608271     9.46636
  0.79228033     9.34109
  0.79847795     9.21805
  0.80467556      9.0973
   0.8108691     8.97888
  0.81706672     8.86276
  0.82326434     8.74884
  0.82946195     8.63696
   0.8356555     8.52696
  0.84185311     8.41865
  0.84805073     8.31183
  0.85424835     8.20628
  0.86044596      8.1018
   0.8666395      7.9982
  0.87283712     7.89533
  0.87903474     7.79303
  0.88523235     7.69116
   0.8914259     7.58963
  0.89762351     7.48839
  0.90382113     7.38738
  0.91001875     7.28656
  0.91621229      7.1859
  0.92240991     7.08542
  0.92860752     6.98513
  0.93480514     6.88503
  0.94099868     6.78513
   0.9471963     6.68549
  0.95339391     6.58617
  0.95959153     6.48726
  0.96578507     6.38881
  0.97198269     6.29089
  0.97818031     6.19355
  0.98437792     6.09687
  0.99057146      6.0009
  0.99676908     5.90569
   1.0029667     5.81132
   1.0091643     5.71782
   1.0153579     5.62527
   1.0215555     5.53371
   1.0277531      5.4432
   1.0339507     5.35376
   1.0401442     5.26542
   1.0463419     5.17824
   1.0525395     5.09225
   1.0587371     5.00749
   1.0649306     4.92397
   1.0711283     4.84169
   1.0773259     4.76063
   1.0835235      4.6808
    1.089717     4.60219
   1.0959146     4.52481
   1.1021123     4.44867
   1.1083099     4.37378
   1.1145034     4.30012
    1.120701     4.22772
   1.1268987     4.15654
   1.1330963     4.08656
   1.1392898     4.01776
   1.1454874     3.95011
    1.151685     3.88358
   1.1578827     3.81811
   1.1640762     3.75368
   1.1702738     3.69023
   1.1764714     3.62772
   1.1826691     3.56612
   1.1888626     3.50537
   1.1950602     3.44544
   1.2012578     3.38631
   1.2074554     3.32796
    1.213649     3.27036
   1.2198466     3.21352
   1.2260442     3.15741
   1.2322418     3.10202
   1.2384354     3.04733
    1.244633     2.99333
   1.2508306     2.94001
   1.2570282     2.88733
   1.2632218      2.8353
   1.2694194     2.78389
    1.275617     2.73308
   1.2818146     2.68287
   1.2880082     2.63323
   1.2942058     2.58416
   1.3004034     2.53569
    1.306601     2.48785
   1.3127946     2.44065
   1.3189922     2.39414
   1.3251898     2.34834
   1.3313874     2.30328
   1.3375809     2.25901
   1.3437786     2.21554
   1.3499762     2.17292
   1.3561738     2.13114
   1.3623673     2.09025
    1.368565     2.05025
   1.3747626     2.01116
   1.3809602     1.97296
   1.3871537     1.93564
   1.3933514     1.89919
    1.399549     1.86361
   1.4057466     1.82889
   1.4119401     1.79502
   1.4181377     1.76199
   1.4243354     1.72976
    1.430533     1.69832
   1.4367265     1.66764
   1.4429241     1.63771
   1.4491218     1.60849
   1.4553194     1.57996
   1.4615129     1.55212
   1.4677105     1.52493
   1.4739081     1.49839
   1.4801058     1.47246
   1.4862993     1.44714
   1.4924969      1.4224
   1.4986945     1.39822
   1.5048922     1.37459
   1.5110898     1.35147
   1.5172833     1.32886
   1.5234809     1.30674
   1.5296785     1.28509
   1.5358762      1.2639
   1.5420697     1.24316
   1.5482673     1.22284
   1.5544649     1.20295
   1.5606626     1.18347
   1.5668561     1.16438
   1.5730537     1.14568
   1.5792513     1.12735
   1.5854489     1.10938
   1.5916425     1.09175
   1.5978401     1.07446
   1.6040377     1.05749
   1.6102353     1.04083
   1.6164289     1.02447
   1.6226265     1.00839
   1.6288241    0.992586
   1.6350217    0.977043
   1.6412153    0.961756
   1.6474129    0.946719
   1.6536105    0.931927
   1.6598081    0.917375
   1.6660017    0.903062
   1.6721993    0.888985
   1.6783969    0.875144
   1.6845945    0.861538
   1.6907881    0.848166
   1.6969857    0.835029
   1.7031833    0.822128
   1.7093809    0.809461
   1.7155744    0.797031
   1.7217721    0.784838
   1.7279697    0.772881
   1.7341673    0.761162
   1.7403608    0.749677
   1.7465585    0.738426
   1.7527561    0.727406
   1.7589537    0.716616
   1.7651472    0.706055
   1.7713448    0.695721
   1.7775425    0.685612
   1.7837401    0.675726
   1.7899336    0.666062
   1.7961312    0.656613
   1.8023289    0.647373
   1.8085265    0.638338
     1.81472      0.6295
   1.8209176    0.620854
   1.8271152    0.612394
   1.8333129    0.604113
   1.8395064    0.596004
    1.845704    0.588057
   1.8519016    0.580264
   1.8580993    0.572618
   1.8642928    0.565109
   1.8704904    0.557731
    1.876688    0.550475
   1.8828856    0.543336
   1.8890792    0.536305
   1.8952768    0.529374
   1.9014744    0.522537
    1.907672    0.515786
   1.9138656    0.509113
   1.9200632    0.502513
   1.9262608    0.495977
   1.9324584    0.489501
    1.938652    0.483079
   1.9448496     0.47671
   1.9510472    0.470394
   1.9572448    0.464133
   1.9634384    0.457929
    1.969636    0.451783
   1.9758336    0.445697
   1.9820312    0.439673
   1.9882248    0.433712
   1.9944224    0.427815
     2.00062    0.421985
   2.0068176    0.416223
   2.0130111    0.410529
   2.0192088    0.404908
   2.0254064    0.399358
    2.031604    0.393883
   2.0377975    0.388483
   2.0439952    0.383161
   2.0501928    0.377918
   2.0563904    0.372756
   2.0625839    0.367675
   2.0687815    0.362676
   2.0749792     0.35776
   2.0811768    0.352928
   2.0873703    0.348178
   2.0935679    0.343512
   2.0997656    0.338929
   2.1059632    0.334427
   2.1121567    0.330006
   2.1183543    0.325665
   2.1245519    0.321404
   2.1307496     0.31722
   2.1369431    0.313114
   2.1431407    0.309084
   2.1493383     0.30513
    2.155536    0.301251
   2.1617295    0.297445
   2.1679271    0.293712
   2.1741247    0.290051
   2.1803223    0.286461
     2.18652    0.282941
   2.1927135     0.27949
   2.1989111    0.276106
   2.2051087    0.272787
   2.2113064    0.269532
   2.2174999     0.26634
   2.2236975    0.263208
   2.2298951    0.260136
   2.2360927    0.257122
   2.2422863    0.254165
   2.2484839    0.251262
   2.2546815    0.248413
   2.2608791    0.245616
   2.2670727     0.24287
   2.2732703    0.240172
   2.2794679    0.237521
   2.2856655    0.234917
   2.2918591    0.232356
   2.2980567    0.229838
   2.3042543    0.227361
   2.3104519    0.224923
   2.3166455    0.222523
   2.3228431    0.220161
   2.3290407    0.217833
   2.3352383     0.21554
   2.3414319    0.213281
   2.3476295    0.211053
   2.3538271    0.208856
   2.3600247    0.206689
   2.3662182     0.20455
   2.3724159    0.202439
   2.3786135    0.200355
   2.3848111    0.198296
   2.3910046    0.196261
   2.3972023    0.194249
   2.4033999    0.192261
   2.4095975    0.190293
    2.415791    0.188346
   2.4219886    0.186417
   2.4281863    0.184507
   2.4343839    0.182615
   2.4405774    0.180738
    2.446775    0.178878
   2.4529727    0.177033
   2.4591703    0.175203
   2.4653638    0.173389
   2.4715614    0.171591
    2.477759    0.169809
   2.4839567    0.168043
   2.4901502    0.166294
   2.4963478    0.164561
   2.5025454    0.162847
   2.5087431    0.161149
   2.5149366    0.159469
   2.5211342    0.157808
   2.5273318    0.156164
   2.5335294     0.15454
    2.539723    0.152935
   2.5459206    0.151349
   2.5521182    0.149784
   2.5583158    0.148238
   2.5645094    0.146713
    2.570707    0.145209
   2.5769046    0.143726
   2.5831022    0.142264
   2.5892958    0.140824
   2.5954934    0.139407
    2.601691    0.138011
   2.6078886    0.136639
   2.6140822    0.135289
   2.6202798    0.133961
   2.6264774    0.132656
    2.632675    0.131374
   2.6388686    0.130114
   2.6450662    0.128877
   2.6512638    0.127662
   2.6574614    0.126468
    2.663655    0.125297
   2.6698526    0.124146
   2.6760502    0.123016
   2.6822478    0.121906
   2.6884413    0.120816
    2.694639    0.119745
   2.7008366    0.118694
   2.7070342     0.11766
   2.7132277    0.116645
   2.7194254    0.115648
    2.725623    0.114668
   2.7318206    0.113705
   2.7380141    0.112758
   2.7442117    0.111828
   2.7504094    0.110913
    2.756607    0.110013
   2.7628005    0.109129
   2.7689981    0.108258
   2.7751958    0.107401
   2.7813934    0.106558
   2.7875869    0.105728
   2.7937845     0.10491
   2.7999821    0.104104
   2.8061798     0.10331
   2.8123733    0.102527
   2.8185709    0.101755
   2.8247685    0.100993
   2.8309662    0.100241
   2.8371597   0.0994974
   2.8433573    0.098763
   2.8495549   0.0980374
   2.8557525   0.0973198
   2.8619502   0.0966096
   2.8681437    0.095907
   2.8743413   0.0952112
   2.8805389   0.0945226
   2.8867366   0.0938404
   2.8929301   0.0931648
   2.8991277   0.0924954
   2.9053253   0.0918322
   2.9115229   0.0911744
   2.9177165   0.0905226
   2.9239141    0.089876
   2.9301117   0.0892342
   2.9363093    0.088598
   2.9425029   0.0879666
   2.9487005   0.0873406
   2.9548981    0.086719
   2.9610957   0.0861026
   2.9672893    0.085491
   2.9734869    0.084884
   2.9796845   0.0842824
   2.9858821   0.0836844
   2.9920757   0.0830918
   2.9982733   0.0825034
   3.0044709   0.0819198
   3.0106685   0.0813404
   3.0168621   0.0807654
   3.0230597   0.0801946
   3.0292573   0.0796284
   3.0354549   0.0790664
   3.0416484   0.0785086
   3.0478461   0.0779556
   3.0540437   0.0774066
   3.0602413   0.0768614
   3.0664348    0.076321
   3.0726325   0.0757846
   3.0788301   0.0752526
   3.0850277   0.0747246
   3.0912212   0.0742014
   3.0974188   0.0736822
   3.1036165   0.0731672
   3.1098141    0.072657
   3.1160076   0.0721508
   3.1222052   0.0716488
   3.1284029    0.071151
   3.1346005   0.0706576
    3.140794   0.0701682
   3.1469916   0.0696832
   3.1531892   0.0692022
   3.1593869   0.0687254
   3.1655804   0.0682528
    3.171778   0.0677844
   3.1779756     0.06732
   3.1841733   0.0668594
   3.1903668   0.0664036
   3.1965644   0.0659514
    3.202762    0.065503
   3.2089596   0.0650588
   3.2151532   0.0646186
   3.2213508    0.064182
   3.2275484   0.0637498
    3.233746   0.0633216
   3.2399396    0.062897
   3.2461372   0.0624766
   3.2523348   0.0620598
   3.2585324    0.061647
    3.264726   0.0612382
   3.2709236   0.0608336
   3.2771212   0.0604326
   3.2833188   0.0600356
   3.2895124   0.0596422
     3.29571    0.059253
   3.3019076   0.0588676
   3.3081052   0.0584858
   3.3142988   0.0581078
   3.3204964   0.0577332
    3.326694   0.0573622
   3.3328916   0.0569948
   3.3390851    0.056631
   3.3452828   0.0562702
   3.3514804   0.0559132
    3.357678   0.0555588
   3.3638715    0.055208
   3.3700692   0.0548604
   3.3762668   0.0545156
   3.3824644    0.054174
   3.3886579   0.0538352
   3.3948555   0.0534994
   3.4010532   0.0531664
   3.4072508   0.0528364
   3.4134443    0.052509
   3.4196419    0.052184
   3.4258396   0.0518622
   3.4320372   0.0515428
   3.4382307   0.0512258
   3.4444283    0.050911
   3.4506259   0.0505992
   3.4568236   0.0502892
   3.4630171    0.049982
   3.4692147   0.0496766
   3.4754123   0.0493736
     3.48161   0.0490724
   3.4878035   0.0487734
   3.4940011   0.0484764
   3.5001987   0.0481814
   3.5063963   0.0478888
    3.512594   0.0475982
   3.5187875   0.0473094
   3.5249851   0.0470228
   3.5311827    0.046738
   3.5373804   0.0464554
   3.5435739    0.046175
   3.5497715   0.0458968
   3.5559691   0.0456206
   3.5621667   0.0453462
   3.5683603   0.0450742
   3.5745579   0.0448042
   3.5807555   0.0445364
   3.5869531   0.0442706
   3.5931467    0.044007
   3.5993443   0.0437456
   3.6055419   0.0434862
   3.6117395   0.0432286
   3.6179331   0.0429734
   3.6241307   0.0427204
   3.6303283   0.0424698
   3.6365259   0.0422206
   3.6427195   0.0419742
   3.6489171   0.0417296
   3.6551147   0.0414874
   3.6613123   0.0412472
   3.6675059    0.041009
   3.6737035   0.0407734
   3.6799011   0.0405396
   3.6860987   0.0403082
   3.6922922   0.0400788
   3.6984899   0.0398516
   3.7046875   0.0396264
   3.7108851   0.0394034
   3.7170786   0.0391826
   3.7232763   0.0389638
   3.7294739    0.038747
   3.7356715   0.0385324
    3.741865   0.0383196
   3.7480627   0.0381092
   3.7542603   0.0379002
   3.7604579   0.0376934
   3.7666514   0.0374882
    3.772849    0.037285
   3.7790467   0.0370838
   3.7852443   0.0368842
   3.7914378   0.0366864
   3.7976354   0.0364904
   3.8038331   0.0362964
   3.8100307   0.0361038
   3.8162242   0.0359128
   3.8224218   0.0357234
   3.8286194    0.035536
   3.8348171     0.03535
   3.8410106   0.0351652
   3.8472082   0.0349826
   3.8534058    0.034801
   3.8596035   0.0346214
    3.865797    0.034443
   3.8719946    0.034266
   3.8781922   0.0340904
   3.8843898   0.0339166
   3.8905834   0.0337438
    3.896781   0.0335724
   3.9029786   0.0334024
   3.9091762   0.0332338
   3.9153698   0.0330662
   3.9215674      0.0329
    3.927765   0.0327354
   3.9339626   0.0325716
   3.9401562   0.0324094
   3.9463538   0.0322486
   3.9525514    0.032089
    3.958749   0.0319302
   3.9649426   0.0317732
   3.9711402   0.0316176
   3.9773378    0.031463
   3.9835354     0.03131
    3.989729   0.0311582
   3.9959266   0.0310078
   4.0021242   0.0308586
   4.0083218   0.0307108
   4.0145153   0.0305642
    4.020713    0.030419
   4.0269106   0.0302752
   4.0331082   0.0301326
   4.0393017   0.0299916
   4.0454994   0.0298518
    4.051697   0.0297132
   4.0578946   0.0295764
   4.0640881   0.0294404
   4.0702857   0.0293062
   4.0764915    0.029173
   4.0826851   0.0290414
   4.0888786    0.028911
   4.0950721   0.0287822
   4.1012657   0.0286546
   4.1074592   0.0285286
   4.1136528   0.0284038
   4.1198463   0.0282804
   4.1260398   0.0281584
   4.1322334   0.0280376
   4.1384677   0.0279182
   4.1446612   0.0278002
   4.1508548   0.0276838
   4.1570483   0.0275688
   4.1632418   0.0274552
   4.1694354   0.0273432
   4.1756289   0.0272322
   4.1818225   0.0271228
    4.188016   0.0270146
   4.1942096   0.0269082
   4.2004031   0.0268032
   4.2065966   0.0266992
   4.2127902   0.0265972
   4.2190245   0.0264964
    4.225218   0.0263972
   4.2314116   0.0262994
   4.2376051    0.026203
   4.2437986    0.026108
   4.2499922   0.0260144
   4.2561857   0.0259224
   4.2623793   0.0258316
   4.2685728   0.0257424
   4.2747663   0.0256544
   4.2809599    0.025568
   4.2871534   0.0254824
    4.293347   0.0253988
   4.2995813    0.025316
   4.3057748   0.0252348
   4.3119683   0.0251552
   4.3181619   0.0250764
   4.3243554   0.0249992
    4.330549    0.024923
   4.3367425   0.0248484
   4.3429361   0.0247744
   4.3491296   0.0247022
   4.3553231   0.0246312
   4.3615167   0.0245612
   4.3677102   0.0244926
   4.3739038   0.0244248
   4.3800973   0.0243586
   4.3863316   0.0242932
   4.3925251   0.0242294
   4.3987187   0.0241664
   4.4049122   0.0241046
   4.4111058   0.0240438
   4.4172993   0.0239842
   4.4234928   0.0239254
   4.4296864    0.023868
   4.4358799   0.0238112
   4.4420735   0.0237556
    4.448267    0.023701
   4.4544606    0.023647
   4.4606541   0.0235938
   4.4668884   0.0235418
   4.4730819   0.0234902
   4.4792755   0.0234398
    4.485469   0.0233896
   4.4916626   0.0233408
   4.4978561   0.0232922
   4.5040496   0.0232442
   4.5102432    0.023197
   4.5164367   0.0231502
   4.5226303    0.023104
   4.5288238   0.0230584
   4.5350173   0.0230134
   4.5412109    0.022969
   4.5474452    0.022925
   4.5536387   0.0228812
   4.5598323    0.022838
   4.5660258    0.022795
   4.5722193   0.0227522
   4.5784129   0.0227098
   4.5846064   0.0226678
      4.5908   0.0226258
   4.5969935   0.0225846
   4.6031871   0.0225432
   4.6093806   0.0225022
   4.6155741   0.0224608
   4.6217677   0.0224202
   4.6279612   0.0223796
   4.6341955    0.022339
   4.6403891   0.0222986
   4.6465826   0.0222582
   4.6527761    0.022218
   4.6589697   0.0221778
   4.6651632   0.0221376
   4.6713568   0.0220974
   4.6775503   0.0220574
   4.6837438   0.0220172
   4.6899374    0.021977
   4.6961309   0.0219368
   4.7023245   0.0218966
    4.708518   0.0218564
   4.7147523    0.021816
   4.7209458   0.0217758
   4.7271394   0.0217354
   4.7333329   0.0216948
   4.7395265   0.0216542
     4.74572   0.0216138
   4.7519136   0.0215734
   4.7581071   0.0215326
   4.7643006   0.0214916
   4.7704942    0.021451
   4.7766877     0.02141
   4.7828813   0.0213686
   4.7890748   0.0213276
   4.7953091   0.0212864
   4.8015026    0.021245
   4.8076962   0.0212034
   4.8138897   0.0211618
   4.8200833   0.0211198
   4.8262768    0.021078
   4.8324703    0.021036
   4.8386639   0.0209936
   4.8448574   0.0209514
    4.851051   0.0209092
   4.8572445   0.0208664
   4.8634381    0.020824
   4.8696316   0.0207812
   4.8758659   0.0207384
   4.8820594   0.0206954
    4.888253   0.0206524
   4.8944465   0.0206094
   4.9006401    0.020566
   4.9068336   0.0205228
   4.9130271   0.0204794
   4.9192207    0.020436
   4.9254142   0.0203924
   4.9316078   0.0203486
   4.9378013   0.0203048
   4.9439949    0.020261
   4.9501884    0.020217
   4.9563819   0.0201734
   4.9626162    0.020129
   4.9688098   0.0200852
   4.9750033    0.020041
   4.9811968   0.0199972
   4.9873904   0.0199526
   4.9935839    0.019909
   4.9997775   0.0198648
    5.005971   0.0198206
   5.0121646   0.0197762
   5.0183581   0.0197324
   5.0245516   0.0196882
   5.0307452    0.019644
   5.0369387      0.0196
    5.043173    0.019556
   5.0493666    0.019512
   5.0555601   0.0194682
   5.0617536   0.0194242
   5.0679472   0.0193804
   5.0741407   0.0193366
   5.0803343    0.019293
   5.0865278   0.0192494
   5.0927214   0.0192058
   5.0989149   0.0191626
   5.1051084   0.0191192
    5.111302    0.019076
   5.1174955    0.019033
   5.1237298     0.01899
   5.1299234   0.0189472
   5.1361169   0.0189044
   5.1423104    0.018862
    5.148504   0.0188196
   5.1546975   0.0187772
   5.1608911    0.018735
   5.1670846   0.0186932
   5.1732781   0.0186514
   5.1794717   0.0186098
   5.1856652   0.0185682
   5.1918588    0.018527
   5.1980523   0.0184858
   5.2042459   0.0184452
   5.2104801   0.0184046
   5.2166737    0.018364
   5.2228672   0.0183238
   5.2290608   0.0182842
   5.2352543   0.0182442
   5.2414479   0.0182048
   5.2476414   0.0181656
   5.2538349   0.0181264
   5.2600285   0.0180878
    5.266222   0.0180492
   5.2724156    0.018011
   5.2786091   0.0179732
   5.2848026   0.0179354
   5.2910369   0.0178978
   5.2972305   0.0178608
    5.303424   0.0178238
   5.3096176   0.0177868
   5.3158111   0.0177506
   5.3220046   0.0177144
   5.3281982   0.0176786
   5.3343917   0.0176426
   5.3405853    0.017607
   5.3467788   0.0175718
   5.3529724    0.017537
   5.3591659   0.0175022
   5.3653594   0.0174676
   5.3715937   0.0174334
   5.3777873   0.0173998
   5.3839808    0.017366
   5.3901744   0.0173328
   5.3963679   0.0172998
   5.4025614   0.0172674
    5.408755   0.0172348
   5.4149485    0.017203
   5.4211421   0.0171714
   5.4273356   0.0171404
   5.4335291   0.0171096
   5.4397227   0.0170792
   5.4459162   0.0170492
   5.4521098     0.01702
   5.4583441   0.0169908
   5.4645376   0.0169624
   5.4707311    0.016934
   5.4769247   0.0169068
   5.4831182   0.0168796
   5.4893118    0.016853
   5.4955053    0.016827
   5.5016989   0.0168016
   5.5078924   0.0167762
   5.5140859   0.0167518
   5.5202795   0.0167282
    5.526473   0.0167046
   5.5326666   0.0166816
   5.5389009   0.0166596
   5.5450944    0.016638
   5.5512879   0.0166168
   5.5574815   0.0165962
    5.563675   0.0165766
   5.5698686    0.016557
   5.5760621   0.0165384
   5.5822556   0.0165204
   5.5884492   0.0165028
   5.5946427   0.0164862
   5.6008363     0.01647
   5.6070298    0.016455
   5.6132234     0.01644
   5.6194576   0.0164266
   5.6256512   0.0164136
   5.6318447   0.0164014
   5.6380383   0.0163902
   5.6442318   0.0163796
   5.6504254     0.01637
   5.6566189   0.0163612
   5.6628124   0.0163534
    5.669006   0.0163466
   5.6751995   0.0163408
   5.6813931   0.0163362
   5.6875866   0.0163324
   5.6937801   0.0163296
   5.7000144    0.016328
